6.342880000000001 -0.05772 9.322359999999998
6.362080000000001 0.01924 9.38004
7.034800000000001 -0.32708 9.399319999999996
6.496600000000002 -0.46155999999999997 9.437719999999999
6.189119999999999 -0.53852 9.437679999999999
5.843039999999999 -0.42327999999999993 9.245439999999999
5.843040000000001 -0.38476 9.418479999999999
5.708520000000001 -0.46163999999999994 9.322399999999998
5.53556 -0.50008 9.2646
5.208920000000001 -0.42308 9.149239999999997
4.82452 -0.55768 9.072319999999998
4.785920000000001 -0.5 9.360879999999996
4.843560000000003 -0.53852 9.187719999999999
4.689880000000002 -0.44239999999999996 9.168479999999999
4.747600000000001 -0.40399999999999997 9.14928
4.44 -0.5385599999999999 9.03388
4.19024 -0.38475999999999994 9.053039999999998
4.248000000000001 -0.5000399999999999 9.072399999999998
3.3829599999999997 -0.46168 8.783840000000001
3.3253999999999997 -0.4039999999999999 8.630040000000003
3.017839999999999 -0.53852 8.457080000000001
6.5928 -1.8645599999999996 9.129999999999999
8.707119999999998 -1.4801199999999997 9.09152
9.14928 -0.6728000000000002 9.11072
7.22708 -0.34623999999999994 9.456919999999998
7.400039999999999 -0.36547999999999997 9.533919999999997
8.015039999999999 -0.44239999999999996 9.495359999999998
7.9380799999999985 -0.42316000000000004 9.533919999999997
7.880520000000001 -0.34628 9.553119999999998
7.8034799999999995 -0.40391999999999995 9.456959999999999
7.84192 -0.5000399999999999 9.66844
9.975960000000002 -0.2885599999999999 9.03384
9.264599999999996 -0.36552 9.418479999999999
8.976119999999998 -0.34631999999999996 9.380039999999997
9.07228 -0.25011999999999995 9.380079999999998
9.245399999999997 -0.30779999999999996 9.360799999999998
9.341639999999996 -0.40387999999999996 9.360799999999998
9.553159999999997 -0.38467999999999997 9.168439999999999
9.8222 -0.4039999999999999 9.226159999999998
9.89896 -0.4231999999999999 9.110759999999997
9.937440000000002 -0.3848 9.168479999999999
10.379480000000001 -0.32696 8.976159999999998
10.45648 -0.36547999999999997 9.05308
10.936879999999999 -0.32699999999999996 8.860799999999998
11.45588 -0.42316000000000004 8.495600000000001
16.971919999999997 -0.40380000000000005 1.07652
17.048879999999997 -0.23083999999999996 -0.03848
14.800080000000003 -0.63448 3.15228
6.054480000000001 -0.17296 9.226079999999998
7.13092 -0.30779999999999996 9.630039999999997
7.130920000000001 -0.28859999999999997 9.668359999999998
7.1886399999999995 -0.26936 9.668439999999999
7.36152 -0.32696 9.572319999999998
7.361519999999998 -1.0188399999999997 9.629959999999997
7.342359999999998 -1.1534 9.572399999999998
7.399999999999999 -2.80632 9.264679999999998
7.457639999999998 -3.229239999999999 9.264679999999997
7.419159999999998 -3.28688 9.245439999999997
7.36152 -3.72904 9.072319999999998
7.28472 -3.65204 8.976079999999998
7.246239999999998 -4.1901600000000006 8.80304
7.342239999999997 -4.305560000000001 8.668520000000001
7.284639999999999 -3.9980400000000014 8.87988
7.39992 -0.05772000000000002 9.8798
7.323119999999999 0.05772 9.495439999999997
7.323119999999999 0.03848 9.476159999999998
7.246319999999998 1.0380800000000001 9.322319999999998
7.207879999999999 1.44176 9.206919999999998
7.22708 1.4610799999999997 9.168479999999997
7.380640000000002 2.0567599999999997 8.668639999999998
7.323159999999999 2.3067199999999994 8.822239999999999
7.22704 3.42144 8.3802
7.18872 2.4797199999999995 8.74532
7.03484 -0.86508 -9.380079999999998
6.880920000000001 -0.82664 -9.3608
6.95788 -0.7498 -9.30312
7.07328 -0.8459200000000001 -9.399279999999997
6.95784 -0.76904 -9.303079999999998
6.977120000000001 -0.7498400000000003 -9.437759999999997
7.03484 -0.7881999999999999 -9.418599999999996
6.304399999999999 -0.7114000000000001 -9.341559999999998
6.093039999999999 -0.5962 -9.283879999999998
5.766200000000001 -0.5000399999999999 -9.226199999999999
4.843600000000001 -0.7690400000000001 -9.13004
4.5554000000000014 -0.7306 -9.033839999999998
3.7865599999999997 -0.86516 -8.860719999999999
3.74816 -0.9996399999999999 -8.78376
3.4789600000000007 -0.94196 -8.572320000000001
2.84476 -0.84584 -8.43784
2.9599999999999995 -0.9804399999999999 -8.476280000000001
1.28788 0.5573999999999999 -4.6322399999999995
0.057719999999999966 0.2881199999999997 -4.07488
1.1149199999999997 -0.7498800000000001 -7.342319999999998
9.572359999999996 -0.34623999999999994 -9.303119999999996
9.706959999999997 -0.38475999999999994 -9.110759999999997
9.668479999999999 -0.26927999999999996 -9.091519999999997
10.283400000000002 -0.46155999999999997 -8.879959999999999
10.302559999999998 -0.57692 -8.726239999999997
10.99452 -0.40387999999999996 -8.687719999999999
10.802399999999999 -0.32704 -8.62996
11.68652 -0.6536799999999999 -8.26496
12.090079999999999 -0.4232399999999999 -7.99584
3.1327200000000035 -0.5386399999999999 -2.537480000000001
-0.4809999999999999 -0.4809999999999999 -0.4809999999999999
-0.4809999999999999 -0.4809999999999999 -0.4809999999999999
-0.4809999999999999 -0.4809999999999999 -0.4809999999999999
-0.4809999999999999 -0.4809999999999999 -0.4809999999999999
-0.4809999999999999 -0.4809999999999999 -0.4809999999999999
-0.4809999999999999 -0.4809999999999999 -0.4809999999999999
-0.4809999999999999 -0.4809999999999999 -0.4809999999999999
-0.4809999999999999 -0.4809999999999999 -0.4809999999999999
-0.4809999999999999 -0.4809999999999999 -0.4809999999999999
-0.4809999999999999 -0.4809999999999999 -0.4809999999999999
-0.4809999999999999 -0.4809999999999999 -0.4809999999999999
-0.4809999999999999 -0.4809999999999999 -0.4809999999999999
-0.4809999999999999 -0.4809999999999999 -0.4809999999999999
-0.4809999999999999 -0.4809999999999999 -0.4809999999999999
-0.4809999999999999 -0.4809999999999999 -0.4809999999999999
-0.4809999999999999 -0.4809999999999999 -0.4809999999999999
-0.4809999999999999 -0.4809999999999999 -0.4809999999999999
-0.4809999999999999 -0.4809999999999999 -0.4809999999999999
-0.4809999999999999 -0.4809999999999999 -0.4809999999999999
-0.4809999999999999 -0.4809999999999999 -0.4809999999999999
-0.4809999999999999 -0.4809999999999999 -0.4809999999999999
-0.4809999999999999 -0.4809999999999999 -0.4809999999999999
-0.4809999999999999 -0.4809999999999999 -0.4809999999999999
-0.4809999999999999 -0.4809999999999999 -0.4809999999999999
-0.4809999999999999 -0.4809999999999999 -0.4809999999999999
-0.4809999999999999 -0.4809999999999999 -0.4809999999999999
-0.4809999999999999 -0.4809999999999999 -0.4809999999999999
-0.4809999999999999 -0.4809999999999999 -0.4809999999999999
-0.4809999999999999 -0.4809999999999999 -0.4809999999999999
-0.4809999999999999 -0.4809999999999999 -0.4809999999999999
-0.4809999999999999 -0.4809999999999999 -0.4809999999999999
-0.4809999999999999 -0.4809999999999999 -0.4809999999999999
-0.4809999999999999 -0.4809999999999999 -0.4809999999999999
-0.4809999999999999 -0.4809999999999999 -0.4809999999999999
-0.4809999999999999 -0.4809999999999999 -0.4809999999999999
-0.4809999999999999 -0.4809999999999999 -0.4809999999999999
-0.4809999999999999 -0.4809999999999999 -0.4809999999999999
-0.4809999999999999 -0.4809999999999999 -0.4809999999999999
-0.4809999999999999 -0.4809999999999999 -0.4809999999999999
-0.4809999999999999 -0.4809999999999999 -0.4809999999999999
-0.4809999999999999 -0.4809999999999999 -0.4809999999999999
-0.4809999999999999 -0.4809999999999999 -0.4809999999999999
-0.4809999999999999 -0.4809999999999999 -0.4809999999999999
-0.4809999999999999 -0.4809999999999999 -0.4809999999999999
-0.4809999999999999 -0.4809999999999999 -0.4809999999999999
-0.4809999999999999 -0.4809999999999999 -0.4809999999999999
-0.4809999999999999 -0.4809999999999999 -0.4809999999999999
-0.4809999999999999 -0.4809999999999999 -0.4809999999999999
-0.4809999999999999 -0.4809999999999999 -0.4809999999999999
-0.4809999999999999 -0.4809999999999999 -0.4809999999999999
-0.4809999999999999 -0.4809999999999999 -0.4809999999999999
-0.4809999999999999 -0.4809999999999999 -0.4809999999999999
-0.4809999999999999 -0.4809999999999999 -0.4809999999999999
-0.4809999999999999 -0.4809999999999999 -0.4809999999999999
-0.4809999999999999 -0.4809999999999999 -0.4809999999999999
-0.4809999999999999 -0.4809999999999999 -0.4809999999999999
-0.4809999999999999 -0.4809999999999999 -0.4809999999999999
-0.4809999999999999 -0.4809999999999999 -0.4809999999999999
-0.4809999999999999 -0.4809999999999999 -0.4809999999999999
-0.4809999999999999 -0.4809999999999999 -0.4809999999999999
-0.4809999999999999 -0.4809999999999999 -0.4809999999999999
-0.4809999999999999 -0.4809999999999999 -0.4809999999999999
-0.4809999999999999 -0.4809999999999999 -0.4809999999999999
-0.4809999999999999 -0.4809999999999999 -0.4809999999999999
-0.4809999999999999 -0.4809999999999999 -0.4809999999999999
-0.4809999999999999 -0.4809999999999999 -0.4809999999999999
-0.4809999999999999 -0.4809999999999999 -0.4809999999999999
-0.4809999999999999 -0.4809999999999999 -0.4809999999999999
-0.4809999999999999 -0.4809999999999999 -0.4809999999999999
-0.4809999999999999 -0.4809999999999999 -0.4809999999999999
-0.4809999999999999 -0.4809999999999999 -0.4809999999999999
-0.4809999999999999 -0.4809999999999999 -0.4809999999999999
-0.4809999999999999 -0.4809999999999999 -0.4809999999999999
-0.4809999999999999 -0.4809999999999999 -0.4809999999999999
-0.4809999999999999 -0.4809999999999999 -0.4809999999999999
-0.4809999999999999 -0.4809999999999999 -0.4809999999999999
-0.4809999999999999 -0.4809999999999999 -0.4809999999999999
-0.4809999999999999 -0.4809999999999999 -0.4809999999999999
-0.4809999999999999 -0.4809999999999999 -0.4809999999999999
-0.4809999999999999 -0.4809999999999999 -0.4809999999999999
-0.4809999999999999 -0.4809999999999999 -0.4809999999999999
-0.4809999999999999 -0.4809999999999999 -0.4809999999999999
-0.4809999999999999 -0.4809999999999999 -0.4809999999999999
-0.4809999999999999 -0.4809999999999999 -0.4809999999999999
-0.4809999999999999 -0.4809999999999999 -0.4809999999999999
-0.4809999999999999 -0.4809999999999999 -0.4809999999999999
-0.4809999999999999 -0.4809999999999999 -0.4809999999999999
-0.4809999999999999 -0.4809999999999999 -0.4809999999999999
-0.4809999999999999 -0.4809999999999999 -0.4809999999999999
-0.4809999999999999 -0.4809999999999999 -0.4809999999999999
-0.4809999999999999 -0.4809999999999999 -0.4809999999999999
-0.4809999999999999 -0.4809999999999999 -0.4809999999999999
-0.4809999999999999 -0.4809999999999999 -0.4809999999999999
-0.4809999999999999 -0.4809999999999999 -0.4809999999999999
-0.4809999999999999 -0.4809999999999999 -0.4809999999999999
-0.4809999999999999 -0.4809999999999999 -0.4809999999999999
-0.4809999999999999 -0.4809999999999999 -0.4809999999999999
-0.4809999999999999 -0.4809999999999999 -0.4809999999999999
-0.4809999999999999 -0.4809999999999999 -0.4809999999999999
-0.4809999999999999 -0.4809999999999999 -0.4809999999999999
-0.4809999999999999 -0.4809999999999999 -0.4809999999999999
-0.4809999999999999 -0.4809999999999999 -0.4809999999999999
-0.4809999999999999 -0.4809999999999999 -0.4809999999999999
-0.4809999999999999 -0.4809999999999999 -0.4809999999999999
-0.4809999999999999 -0.4809999999999999 -0.4809999999999999
-0.4809999999999999 -0.4809999999999999 -0.4809999999999999
-0.4809999999999999 -0.4809999999999999 -0.4809999999999999
-0.4809999999999999 -0.4809999999999999 -0.4809999999999999
-0.4809999999999999 -0.4809999999999999 -0.4809999999999999
-0.4809999999999999 -0.4809999999999999 -0.4809999999999999
