-0.9677200000000002 0.8939999999999998 10.078600000000002
-1.02276 0.9470000000000001 10.025800000000002
-0.33328 0.22072 10.0464
-0.8182400000000001 0.3792800000000001 10.182000000000002
-1.2457599999999998 0.23216 10.147599999999999
-1.5284799999999998 0.3217999999999999 10.073960000000001
-1.5421599999999993 0.35164000000000006 9.943000000000001
-1.6962399999999997 0.30339999999999995 9.984480000000001
-1.9030799999999999 0.24364000000000005 9.857920000000002
-2.0893600000000006 0.3356 9.90848
-2.43184 0.15172 9.765999999999998
-2.5305199999999997 0.3448 9.86948
-2.6087199999999995 0.37232000000000004 9.83732
-2.61112 0.32872 9.851040000000003
-2.5904000000000003 0.32416000000000006 9.74764
-2.9190000000000005 0.4549999999999999 9.6856
-3.16264 0.52404 9.588840000000001
-3.210880000000001 0.3516 9.501639999999998
-4.12336 0.38380000000000003 9.042000000000003
-4.0038 0.37932000000000005 9.27432
-4.3325200000000015 0.37688000000000005 9.25812
-0.4597999999999997 -1.0113599999999998 9.84652
1.5285600000000001 -0.7906799999999999 9.814360000000002
1.44808 -0.1608800000000002 9.630359999999998
-0.041319999999999996 0.3126000000000001 10.16368
0.21151999999999999 0.28496000000000005 10.0694
0.6803999999999999 0.19075999999999996 10.039599999999998
0.6297999999999999 0.18167999999999998 10.12008
0.5746399999999999 0.2918800000000001 10.0832
0.63444 0.27808000000000005 10.11548
0.6803200000000001 0.26660000000000006 10.06712
2.8431999999999995 0.12868000000000002 9.529280000000002
1.9949999999999997 0.23904 9.89932
1.7467199999999996 0.15172 9.931520000000004
1.8341999999999996 0.22060000000000002 9.956759999999997
1.9376399999999998 0.24592000000000003 9.90152
2.07324 0.09204000000000001 9.88324
2.24548 0.14260000000000003 9.880999999999998
2.4731199999999998 0.03215999999999999 9.80968
2.5397599999999994 0.12404000000000001 9.70168
2.5718799999999997 0.15163999999999997 9.701799999999999
3.07996 0.12644 9.621239999999998
3.14896 0.12412000000000001 9.54996
3.4729200000000007 0.07812000000000001 9.4718
3.723439999999999 0.12183999999999998 9.327000000000002
9.8878 -0.18152000000000004 1.75604
9.75672 -0.14708000000000004 -0.29879999999999995
7.573359999999999 -0.19532000000000005 3.2982400000000007
-0.9239999999999999 0.8021999999999997 9.919960000000001
-0.04828 0.22988 10.303799999999999
0.0024000000000000015 0.3263200000000001 10.10848
0.08740000000000002 0.31256000000000006 10.060240000000002
0.115 0.19752 10.14528
0.11956 -0.49195999999999995 10.24416
-0.025160000000000002 -0.6528 10.16136
0.131 -2.0892399999999998 9.713120000000002
0.11720000000000001 -2.3398000000000003 9.729280000000001
0.2873199999999999 -2.5513600000000007 9.943039999999998
0.23904000000000006 -2.78108 9.6786
0.05044 -2.9053200000000006 9.678639999999998
0.1058 -3.2913200000000002 9.396040000000001
0.14016 -3.46604 9.40064
0.06427999999999999 -3.1191200000000006 9.49252
0.08736000000000002 0.6458799999999999 10.046480000000003
0.08043999999999998 1.0572799999999996 10.127040000000001
0.14708000000000004 1.02284 9.984360000000002
0.07583999999999999 2.3238000000000003 9.864840000000001
0.08732 3.1006000000000005 9.65784
0.08964 3.0063999999999997 9.646479999999999
0.1724 3.4429200000000004 9.22592
0.09656 3.9808799999999995 9.304
-0.050559999999999994 4.91416 8.42368
0.062040000000000005 4.12336 9.32708
0.15168 -0.4068400000000001 -9.75688
0.12179999999999999 -0.36544000000000004 -9.703880000000003
0.09655999999999999 -0.33324 -9.729200000000002
0.06663999999999999 -0.35168 -9.736080000000001
0.13560000000000003 -0.34016000000000013 -9.701680000000001
0.15636 -0.34940000000000004 -9.658040000000002
0.10795999999999997 -0.35164 -9.66716
-0.7193600000000001 -0.06883999999999998 -9.582000000000003
-1.0618400000000001 0.020720000000000006 -9.648879999999998
-1.1492799999999999 0.08972 -9.5752
-2.2066 -0.10804000000000002 -9.400640000000001
-2.44096 0.04372 -9.398280000000002
-3.2086 -0.048240000000000026 -9.09716
-3.0591199999999996 -0.31943999999999995 -9.106399999999999
-3.4660000000000006 -0.22527999999999998 -9.09256
-4.1578 -0.048279999999999997 -8.80756
-4.077440000000001 -0.31944 -8.906600000000001
-6.178280000000001 1.7903999999999995 -4.66136
-7.603200000000002 1.4870399999999995 -4.394679999999999
-5.9850400000000015 -0.043639999999999984 -7.6032
2.4432000000000005 0.10808000000000001 -9.44428
2.41332 0.17920000000000003 -9.35476
2.5167999999999995 0.15180000000000002 -9.3132
2.8155600000000005 1.1263200000000002 -9.84644
3.44076 -0.19527999999999998 -9.01912
3.90728 0.39996000000000004 -9.66724
3.67744 0.22056 -9.085680000000002
4.452160000000001 -0.19076 -8.40992
4.93252 -0.027440000000000016 -8.327240000000002
7.4308000000000005 -0.00456000000000001 -5.870239999999999
7.161880000000001 -0.06884000000000003 -5.9116399999999985
5.228839999999999 -0.12172000000000001 -8.19628
5.647200000000001 -0.13792 -7.860640000000001
6.29532 -0.29407999999999995 -7.53432
6.451719999999999 -0.13099999999999998 -7.32744
6.874680000000001 -0.16079999999999997 -6.585
6.382719999999999 -0.15172 -7.265479999999999
6.385 -0.12412 -7.359680000000001
6.79188 7.999999999999285e-05 -6.83784
7.511319999999999 -0.09648 -6.07928
8.03068 -0.18608 -5.7208000000000006
7.984799999999998 -0.14704000000000003 -5.507040000000001
-0.09428 7.6584400000000015 -6.031200000000001
-0.09652 8.414520000000001 -4.65428
-0.11948000000000004 8.34792 -4.631279999999999
-0.0022799999999999956 9.00524 -3.5648400000000002
-0.04132 9.5614 -0.21375999999999998
-0.08040000000000003 9.69692 -0.08272
0.03912 9.660280000000002 -0.18392000000000003
-0.08492 9.6808 -0.05056000000000002
-0.00679999999999998 9.637160000000002 -0.03908000000000001
-0.39303999999999994 9.184400000000004 0.83896
-5.6358000000000015 -1.11232 0.45048000000000044
-0.16320000000000004 0.6090800000000001 -9.81428
0.05523999999999999 -0.26208000000000004 -9.82356
0.006919999999999993 -0.12876 -9.690160000000002
0.54008 -8.448999999999998 3.59036
-2.2846800000000003 -8.06296 3.194839999999999
0.38612 -9.338560000000001 0.5079600000000001
0.59996 -9.414360000000002 0.36548
0.28492000000000006 -9.44644 0.25980000000000003
0.20456000000000002 -9.44652 0.34016000000000013
0.43892000000000003 -9.15688 0.45047999999999994
0.16552 -9.36372 0.37459999999999993
0.24596 -9.490199999999998 0.33096000000000003
-0.9032399999999999 -9.216639999999998 0.13564000000000007
-0.7724 -9.313279999999999 -0.04600000000000001
-0.42984 -9.398280000000002 0.28956000000000004
-3.16956 -8.6582 0.5215999999999998
-3.3648799999999994 -8.51112 0.16548000000000002
-1.4755600000000002 -9.31332 0.49180000000000007
-1.7928400000000004 -9.166080000000001 0.4573600000000001
-2.0779200000000007 -9.27188 0.5998800000000002
-2.6523999999999996 -8.9662 0.5906400000000002
-2.8294 -8.957 0.5977600000000001
-3.295999999999999 -8.68112 0.58848
-3.9832000000000005 -8.4214 0.52864
-3.6753200000000006 -8.57096 0.45048000000000016
-3.92108 -8.460680000000004 0.41828000000000004
-5.4633199999999995 -7.568720000000001 0.5448
-5.447280000000002 -7.5503599999999995 0.46424
-6.9504800000000015 -1.9214800000000005 0.22064
-9.062640000000002 -2.05012 0.28724
-7.442320000000002 5.9437999999999995 1.1032000000000002
-0.28039999999999987 9.464920000000001 -0.02756
-0.16544 9.246599999999999 -1.1078400000000002
-9.278640000000001 1.3032399999999997 1.05728
-9.678719999999998 0.51948 -0.14252000000000004
-9.69476 0.531 0.35395999999999994
-9.756680000000001 0.45288000000000006 0.009240000000000009
-9.7062 0.5447999999999998 0.11488000000000001
-9.699200000000003 0.18163999999999997 0.05744
-9.74524 -0.13555999999999999 0.14936000000000005
-9.609640000000002 -0.3562800000000001 0.19527999999999998
-9.708559999999999 -0.70796 0.09656000000000002
-9.55912 -1.2710800000000002 0.2022
-9.1362 -2.78348 0.10116000000000001
-9.15236 -2.9305199999999996 0.18388
-9.359159999999997 -1.9881200000000003 0.12400000000000003
-9.20064 -2.83624 0.13327999999999998
-8.33644 -4.5784 0.10796
-6.44704 -6.640160000000001 0.08039999999999999
-2.9351600000000007 -8.561720000000001 -0.07132
-0.99744 -9.22352 -0.06663999999999999
-9.14544 -1.9168800000000001 0.2643600000000001
-9.458039999999999 -0.5194799999999998 0.34924
-9.788920000000001 0.31495999999999996 0.041359999999999994
-9.724600000000002 0.40452000000000005 0.21836000000000003
-9.62336 0.28276 0.14712
-9.57752 1.5055599999999996 0.2596800000000001
-9.646360000000001 0.7262799999999998 0.2206
-9.78436 0.7401600000000002 0.23207999999999998
-9.7844 0.9055200000000001 0.29192
-9.72916 1.27336 0.23895999999999998
-9.56376 2.0869600000000004 0.18844000000000005
-9.186800000000002 3.6913199999999993 0.18376000000000003
-9.821200000000003 1.1377599999999999 0.37924000000000013
-9.621200000000002 1.5720800000000004 0.40680000000000005
-9.602720000000001 2.1673999999999993 0.5907200000000001
-9.118 3.6752 0.46196000000000004
-8.29968 5.3094399999999995 0.6711199999999999
-6.711560000000003 7.001 0.6596
-5.16 8.361720000000002 0.2229200000000001
-1.9882800000000003 9.522359999999999 0.10564
0.10352000000000001 9.708520000000002 0.7585200000000001
-0.9584399999999996 6.681559999999999 -0.7975599999999998
-6.3138 3.4936400000000005 0.08504000000000003
0.6045200000000001 9.499360000000001 -0.03452000000000003
0.20008000000000004 9.64192 -0.27576
3.6913599999999995 8.340959999999999 -1.5492000000000001
7.9342 4.65892 -0.17479999999999996
8.078999999999999 0.12635999999999994 3.39704
5.60588 -3.001840000000001 7.444599999999998
9.72472 -1.3860799999999995 0.7469600000000003
9.759079999999999 -0.04824 0.3102
9.786600000000002 -0.1264 0.1884
9.73376 -0.29876 -0.08744
9.736160000000002 -0.87116 0.06424000000000002
9.69476 -1.21124 -0.08276
9.607360000000002 -1.9053599999999997 0.05516
