-0.5608799999999999 0.7308800000000001 9.48788
-0.58612 0.7079199999999999 9.446440000000003
0.09196000000000003 -0.009119999999999994 9.513200000000001
-0.30800000000000005 0.08736 9.508600000000001
-0.8412000000000001 -0.06444 9.696960000000002
-1.1285999999999998 0.07339999999999999 9.40064
-1.1584799999999997 0.023119999999999995 9.414319999999998
-1.2803200000000001 -0.02312000000000002 9.3362
-1.5446399999999998 -0.12172000000000001 9.193720000000003
-1.67556 0.05048 9.269639999999999
-2.1398399999999995 -0.18156 9.14084
-2.11228 4.000000000000004e-05 9.205200000000001
-2.11012 -0.016080000000000007 9.08336
-2.0503199999999997 0.039080000000000004 9.09728
-2.0938799999999995 0.10800000000000001 9.108640000000003
-2.3604399999999996 0.27580000000000005 8.890359999999998
-2.67996 0.04136 8.996160000000001
-2.7053200000000004 0.13099999999999995 8.68808
-3.6224000000000007 0.050599999999999985 8.41456
-3.5670800000000007 0.08964 8.676599999999999
-3.911800000000001 0.18156000000000005 8.655920000000002
0.03208000000000008 -1.3630400000000003 9.301799999999997
2.06624 -1.2205599999999999 9.1018
2.16976 -0.19776000000000007 8.51796
0.28271999999999997 0.17936 9.32704
0.57464 0.03904000000000002 9.527000000000001
1.1744800000000002 -0.09412 9.503879999999999
1.05036 -0.08956000000000001 9.492520000000003
1.0595999999999999 -0.09416000000000001 9.46492
1.03184 -0.08272 9.4834
1.0664399999999998 -0.11723999999999997 9.36608
3.3051600000000003 -0.08267999999999999 8.91332
2.50764 -0.04807999999999999 9.253480000000001
2.1928 -0.12175999999999998 9.32924
2.2386799999999996 -0.12176000000000002 9.30636
2.35132 -0.10108 9.299479999999999
2.5490000000000004 -0.15383999999999998 9.2972
2.7075999999999993 -0.13560000000000003 9.23052
2.9466 -0.21604000000000004 9.15692
3.0570000000000004 -0.1746 9.113319999999998
3.1557200000000005 -0.18156000000000003 9.1064
3.574039999999999 -0.13324 8.92708
3.6314000000000006 -0.27108000000000004 8.9386
3.9578800000000003 -0.16552 8.851280000000001
4.2774 -0.17924000000000004 8.724840000000002
10.294679999999998 0.10108 0.44580000000000003
10.188880000000001 0.00924 -0.8597600000000001
7.8354 -0.20448000000000005 3.02932
-0.5792 0.5699599999999999 9.320200000000002
0.37224 -0.06427999999999993 9.591320000000001
0.53784 0.09188000000000002 9.50172
0.5698799999999998 0.05508 9.531480000000002
0.5401599999999999 -0.11504000000000002 9.46716
0.5401999999999998 -0.76536 9.625839999999998
0.5240400000000001 -0.9010400000000002 9.471720000000001
0.5378399999999998 -2.58812 9.087960000000002
0.51712 -2.79256 9.035160000000001
0.45044000000000006 -2.431759999999999 9.069600000000003
0.41148 -2.94204 8.922479999999998
0.5975999999999999 -3.2751599999999996 8.87196
0.5424399999999998 -3.597000000000001 8.699720000000001
0.5561999999999999 -3.7900400000000007 8.607640000000002
0.5562400000000001 -3.5762799999999997 8.65128
0.3724 0.57924 9.471800000000002
0.5653999999999998 0.71712 9.55212
0.5401199999999999 0.7836 9.444239999999997
0.5148799999999999 2.25028 9.304120000000001
0.5009999999999999 2.8501600000000002 9.104120000000002
0.51484 2.8708000000000005 9.104040000000001
0.7491599999999999 3.780919999999999 8.867399999999998
0.6045599999999999 3.8361199999999998 8.784640000000001
0.07128000000000002 4.541640000000001 7.715879999999999
0.42064000000000007 3.7671200000000002 8.773240000000001
0.38844000000000006 0.07123999999999998 -10.287720000000002
0.35383999999999993 0.12636000000000003 -10.2326
0.39064 0.12639999999999998 -10.207439999999998
0.38383999999999996 0.09412 -10.2992
0.43436 0.10803999999999998 -10.232719999999999
0.37227999999999994 0.07132000000000001 -10.26248
0.38848000000000005 0.11948000000000002 -10.193599999999998
-0.37467999999999996 0.26424 -10.179719999999998
-0.7378399999999999 0.3790799999999999 -10.22568
-0.92624 0.49635999999999997 -10.1522
-1.8893600000000004 0.30572000000000005 -9.99596
-2.2318800000000003 0.4297200000000001 -9.878639999999997
-2.8662 0.15167999999999998 -9.589080000000001
-2.7880000000000007 0.0368 -9.68548
-3.15356 0.15855999999999998 -9.83268
-3.9992400000000004 0.07360000000000003 -9.26724
-3.7142800000000005 0.04604000000000001 -9.28784
-6.12304 2.19952 -4.619880000000002
-7.15952 1.6342400000000006 -5.30252
-5.681840000000001 0.3631999999999999 -8.05844
2.75816 0.5010799999999999 -9.910879999999999
2.68688 0.5172399999999999 -10.0166
2.71676 0.5194799999999999 -9.96592
2.6661200000000003 1.1009600000000004 -10.37964
3.8017200000000004 0.27568000000000004 -9.890159999999998
4.178440000000001 0.52408 -9.724600000000002
3.9486000000000003 0.60912 -9.572840000000001
4.844920000000001 -0.006880000000000015 -8.848959999999998
5.169040000000001 0.30328000000000005 -8.927079999999998
7.984760000000001 0.29416 -5.9896
7.336680000000001 0.37228 -6.966600000000001
5.6288 0.28496 -8.92948
6.171239999999999 0.41828000000000004 -8.405439999999999
6.63336 0.12871999999999997 -8.04448
6.9021599999999985 0.15836000000000003 -7.860639999999998
7.350439999999999 0.21600000000000003 -7.38256
6.656200000000001 0.19763999999999998 -7.943480000000002
6.686039999999998 0.21136000000000002 -7.9802399999999984
7.113599999999999 0.13788 -7.384920000000001
7.890479999999999 0.013639999999999992 -6.3322
8.462920000000002 0.38372000000000006 -6.173600000000001
8.41224 0.20684000000000002 -6.09784
0.24587999999999993 8.26744 -6.118399999999999
0.17919999999999997 8.892719999999999 -4.87736
0.21604000000000004 8.9362 -4.849680000000001
0.25968 9.59596 -3.7694399999999995
0.23664 9.989000000000003 -0.3816000000000001
0.24128 10.08084 -0.42988000000000004
0.22060000000000002 10.14988 -0.3816400000000001
0.27584 10.00276 -0.2828
0.18372000000000002 10.060239999999999 -0.27111999999999997
-0.13331999999999997 9.989040000000001 1.78588
-5.09336 -1.05272 -3.999999999962256e-05
0.002200000000000003 0.9310399999999999 -10.349839999999997
0.2734 0.17240000000000003 -10.306119999999998
0.23204000000000008 0.13092000000000004 -10.1592
0.8964800000000003 -9.0282 2.80412
-1.2411599999999996 -8.003160000000001 2.47304
1.18368 -9.56144 0.09652000000000001
0.8573599999999998 -10.26248 0.19068000000000002
0.6343199999999999 -9.743000000000002 -0.6068000000000002
0.6481999999999999 -9.777560000000001 -0.5493199999999999
0.8642400000000001 -10.032639999999999 -0.65508
0.7354799999999999 -9.722400000000002 -0.54932
0.6275599999999999 -9.812000000000003 -0.68268
-0.524 -9.48564 -0.7861600000000002
-0.22068 -9.53856 -0.73784
0.04375999999999999 -9.687880000000002 -0.52168
-2.8477599999999996 -8.828319999999998 -0.31492000000000003
-2.767280000000001 -8.8974 -0.67584
-0.9585199999999999 -9.5752 -0.40692
-1.3215199999999998 -9.487960000000001 -0.35852000000000006
-1.65268 -9.506240000000002 -0.38612
-2.16516 -9.228200000000003 -0.3356000000000001
-2.23424 -9.260360000000002 -0.27808000000000005
-2.83628 -8.977720000000001 -0.324
-3.493640000000001 -8.688039999999999 -0.10343999999999999
-3.2086 -8.853640000000002 -0.2714
-3.403999999999999 -8.71124 -0.45740000000000003
-5.109360000000001 -7.681440000000001 -0.21612
-4.93712 -7.839999999999999 -0.38628
-6.706840000000002 -1.5422000000000002 -0.3769600000000001
-8.63292 -2.0593200000000005 -0.41140000000000015
-6.909120000000001 6.23108 0.7632000000000001
0.14712 9.97752 -0.30107999999999996
-0.04604000000000001 10.140720000000002 -1.1056400000000004
-8.841999999999999 0.69416 0.6825200000000001
-9.395999999999997 0.5515199999999999 -0.6804000000000001
-9.3132 0.39759999999999995 -0.013880000000000038
-9.44652 0.4756799999999999 -0.39996000000000015
-9.349920000000001 0.5125199999999999 -0.35863999999999996
-9.418919999999998 0.31492000000000003 -0.49876
-9.421280000000001 -0.09187999999999998 -0.37687999999999994
-9.414439999999999 -0.40912000000000004 -0.3608
-9.331639999999998 -0.6297999999999999 -0.39068
-9.299479999999999 -1.33076 -0.42528
-8.7824 -2.9672799999999997 -0.40680000000000005
-8.761599999999998 -3.0432 -0.39075999999999994
-9.0306 -2.0639999999999996 -0.41608000000000006
-8.79388 -2.7971600000000008 -0.49883999999999995
-7.8377599999999985 -4.890960000000001 -0.5378399999999999
-5.87696 -6.904440000000001 -0.6872399999999999
-2.25024 -8.894920000000003 -0.8458400000000001
-0.73768 -9.329319999999997 -0.8320400000000001
-8.92484 -1.5790000000000006 -0.5700400000000001
-8.91104 -0.41136000000000017 -0.2138000000000001
-9.405080000000002 0.28044 -0.37920000000000004
-9.412 0.31028000000000006 -0.23672000000000004
-9.41432 0.30096 -0.35400000000000004
-9.326960000000001 1.70324 -0.23912000000000003
-9.373 0.6988 -0.20228000000000002
-9.414359999999999 0.7746 -0.27132
-9.42592 0.92624 -0.23675999999999997
-9.31332 1.3951600000000002 -0.19528000000000006
-9.20984 2.09848 0.025279999999999987
-8.766359999999999 3.8636399999999997 -0.13332
-9.40976 1.0941599999999998 -0.08272000000000002
-9.308560000000002 1.6043599999999998 0.12872000000000003
-9.25348 2.3352 0.21135999999999996
-8.74092 3.8683199999999993 0.07359999999999997
-7.82156 5.601280000000002 0.45519999999999994
-6.352919999999998 7.41936 0.3172000000000001
-4.8266800000000005 8.669720000000002 -0.02068
-1.58604 9.9544 -0.26428
0.4436 10.152120000000002 0.7125600000000002
-0.6895600000000003 6.720640000000002 -1.0895199999999998
-5.8909199999999995 3.661439999999999 -0.17015999999999995
1.2250400000000004 9.6488 -0.19768
0.48491999999999996 10.18432 -0.4919999999999999
4.0084800000000005 8.706479999999999 -1.8112400000000002
8.39396 4.9093599999999995 -0.5998800000000002
8.87196 0.11492000000000012 2.9972
6.13448 -3.2591999999999994 6.660920000000001
12.048440000000003 -0.78148 0.5928799999999999
10.200319999999998 0.14256000000000005 -0.3608799999999999
10.225679999999999 0.029799999999999997 -0.38623999999999997
10.266999999999998 -0.17923999999999998 -0.7286
10.204999999999998 -0.7653200000000001 -0.7262000000000001
10.158999999999999 -1.0848799999999998 -0.6252400000000001
10.01652 -1.8640800000000002 -0.5702
