-1.18368 0.63436 9.825800000000003
-1.1147599999999998 0.6780799999999999 9.890159999999998
-0.47812 -0.06200000000000001 9.908639999999998
-0.8734799999999998 0.00011999999999999733 9.954600000000001
-1.3331199999999999 -0.12176000000000003 10.0694
-1.5743200000000002 -0.09656 9.775240000000002
-1.68708 -0.03436 9.79588
-1.79976 -0.12175999999999998 9.772920000000001
-1.9628800000000004 -0.043559999999999974 9.628040000000004
-2.2296000000000005 -0.05507999999999999 9.637279999999999
-2.42708 -0.045999999999999985 9.609639999999999
-2.65004 -0.07124000000000001 9.6028
-2.5858800000000004 -0.08736 9.59132
-2.6731999999999996 -0.02284 9.61436
-2.5029600000000003 -0.11035999999999997 9.619000000000002
-3.0271600000000003 0.18152000000000001 9.297080000000001
-3.2269200000000002 -0.17680000000000004 9.368360000000001
-3.2430399999999997 -0.10555999999999999 9.15472
-4.1786 0.09879999999999999 8.745679999999998
-4.031440000000001 -0.08032 9.019
-4.302720000000001 -0.027639999999999994 8.986880000000001
-0.4780400000000001 -1.2572799999999997 9.740680000000001
1.52384 -1.26424 9.579920000000001
1.2710399999999995 -0.045919999999999926 9.094880000000002
-0.04371999999999999 -0.03444 9.92684
0.043840000000000004 -0.09892 9.82124
0.4574400000000001 -0.1678 10.092360000000001
0.5125599999999999 -0.11488 9.995879999999998
0.48955999999999994 -0.09183999999999999 9.839559999999999
0.5400799999999999 -0.09872 9.979840000000001
0.5631600000000001 -0.015999999999999997 9.844159999999999
2.6914800000000003 -0.18380000000000002 9.448800000000002
1.83424 -0.02987999999999999 9.685520000000002
1.6525999999999998 -0.15388 9.761440000000002
1.6732 -0.08264 9.81192
1.82036 -0.07811999999999998 9.726880000000001
1.92388 -0.07583999999999999 9.697040000000001
2.1811200000000004 -0.11703999999999999 9.71768
2.42716 -0.06431999999999999 9.660280000000002
2.4960399999999994 -0.19076 9.591399999999998
2.55364 -0.19767999999999997 9.609720000000003
2.976480000000001 -0.14703999999999998 9.48552
2.9764800000000005 -0.22984000000000004 9.402720000000002
3.2638400000000005 -0.12175999999999998 9.38908
3.6590799999999994 -0.12864 9.129399999999999
9.697039999999998 0.12644000000000002 1.4986
9.715319999999998 0.02992000000000001 -0.22756000000000004
7.525 -0.059800000000000006 3.19952
-1.048 0.28040000000000004 9.876360000000004
-0.1332 -0.05051999999999999 10.163719999999998
-0.05736000000000001 0.04136 9.97068
0.020840000000000015 0.03215999999999999 9.890160000000003
-0.0045600000000000016 -0.14696 9.998159999999999
0.05056 -0.839 10.0074
0.036840000000000005 -0.8320400000000001 9.915440000000004
0.14720000000000003 -2.48916 9.56832
0.14016 -2.66392 9.543000000000001
-0.34475999999999984 -2.27548 9.3938
0.06208 -3.0454399999999993 9.511000000000001
0.07816 -3.2200800000000003 9.35696
0.18160000000000004 -3.5396000000000005 9.13852
0.07132000000000001 -3.7533200000000004 9.003
0.25972000000000006 -3.44988 9.071879999999998
0.018480000000000024 0.51024 9.9384
0.016 0.7538399999999998 10.035000000000002
-0.0872 0.6297999999999999 9.851040000000001
0.006960000000000003 2.0179999999999993 9.690040000000003
0.020720000000000006 2.7558800000000003 9.547640000000001
-0.11028000000000002 2.79032 9.57516
0.12872 3.307400000000001 9.177719999999999
-0.0644 3.7280000000000006 9.21908
-0.45280000000000015 4.40152 8.56396
-0.12412000000000002 3.83364 9.131680000000003
0.35619999999999996 -0.16772 -9.715440000000001
0.3562000000000001 -0.09884000000000003 -9.80516
0.32860000000000006 -0.07824000000000002 -9.68084
0.27355999999999997 -0.21371999999999997 -9.69024
0.28956000000000004 -0.12180000000000002 -9.703920000000002
0.33096 -0.05508 -9.759000000000002
0.3907200000000001 -0.09192000000000002 -9.72908
-0.46192000000000005 0.11259999999999999 -9.586719999999998
-0.8642 0.13555999999999999 -9.699320000000002
-1.0090400000000002 0.22988000000000006 -9.70852
-1.9054399999999998 -0.0022800000000000264 -9.63496
-2.18352 0.11260000000000005 -9.48792
-2.8844399999999997 -0.013799999999999995 -9.133919999999998
-2.8316799999999995 -0.22283999999999998 -9.253440000000001
-3.3144 -0.048240000000000005 -9.393680000000002
-3.9003200000000016 -0.11028000000000002 -8.908720000000002
-3.8061599999999998 -0.20684000000000002 -8.99132
-6.031079999999999 1.6662799999999998 -4.92792
-7.354999999999999 1.4733199999999993 -4.51648
-5.66112 0.032080000000000004 -7.892759999999998
2.6638800000000002 0.4206400000000001 -9.322439999999999
2.66624 0.42519999999999997 -9.315439999999999
2.6915199999999997 0.36084000000000005 -9.418960000000002
4.038360000000001 0.32184000000000007 -9.262719999999998
3.5258 0.06212000000000005 -9.03508
4.068159999999999 0.60448 -9.40752
3.813 0.43443999999999994 -9.06048
4.622120000000001 -0.07815999999999998 -8.279000000000002
5.08184 0.19984000000000002 -8.1686
7.610240000000001 0.21840000000000004 -5.670200000000001
7.338959999999999 0.40224000000000004 -5.973679999999999
5.4542399999999995 0.13552 -8.182400000000001
6.00116 0.21836 -7.849120000000003
6.458560000000001 0.124 -7.355000000000002
6.568839999999999 0.22987999999999997 -7.290639999999999
7.0975199999999985 0.20224 -6.451680000000001
6.412639999999999 0.24359999999999998 -7.316
6.48608 0.18616 -7.279120000000002
6.9574 0.25064000000000003 -6.79412
7.446840000000001 0.14708000000000002 -5.7161599999999995
8.125039999999998 0.15392 -5.6173600000000015
8.118079999999999 0.20452 -5.3277600000000005
-0.04836 7.810199999999998 -5.824280000000001
-0.27112 8.619200000000003 -4.498
-0.14700000000000002 8.5502 -4.49568
-0.2688 8.99152 -3.4775600000000004
-0.27344 9.692400000000003 0.04596
-0.29872000000000004 9.738400000000002 0.01844
-0.19528 9.687840000000001 -0.05976
-0.27111999999999997 9.660240000000002 0.08956
-0.31948 9.69012 0.08736000000000001
-0.5608400000000001 9.632679999999999 0.55152
-5.3300800000000015 -1.3767600000000002 0.29191999999999924
-0.10343999999999998 0.7746000000000001 -9.818840000000002
0.31948 -0.04819999999999999 -9.821200000000001
0.23200000000000004 0.07124000000000001 -9.81656
0.8090399999999999 -8.759440000000003 3.03384
-1.7467599999999999 -8.458279999999997 2.8821999999999988
1.03432 -9.527000000000001 0.43907999999999986
0.69176 -9.869440000000004 0.20224000000000003
0.54244 -9.669400000000001 -0.11259999999999999
0.5561999999999999 -9.62336 -0.12407999999999998
0.43444000000000005 -8.984520000000002 -0.2918799999999999
0.5171999999999999 -9.56372 -0.10799999999999998
0.5471199999999999 -9.632680000000004 -0.13324
-0.48040000000000005 -9.458 -0.36096000000000006
-0.44588000000000005 -9.462600000000002 -0.36780000000000007
-0.1562 -9.637200000000002 -0.04368
-2.69616 -9.023600000000002 0.013800000000000003
-2.9810000000000003 -8.904280000000002 -0.2964800000000001
-1.1562399999999997 -9.577560000000002 -0.023000000000000007
-1.4525599999999996 -9.423440000000001 0.0414
-1.7882399999999998 -9.384440000000001 -0.0045600000000000016
-2.23408 -9.336200000000002 0.10332000000000001
-2.3580799999999997 -9.131760000000002 0.15852
-2.9487600000000005 -8.957040000000001 0.16088000000000002
-3.50964 -8.807640000000003 0.19080000000000003
-3.31884 -8.95928 0.0069600000000000104
-3.44996 -8.76408 -0.027680000000000003
-5.08648 -7.826119999999998 0.03912
-5.107000000000001 -7.9410799999999995 -0.0438
-6.826359999999998 -1.76068 -0.16784000000000002
-8.779919999999999 -2.38804 -0.16316000000000003
-7.497519999999998 5.672560000000001 0.8986400000000002
-0.40915999999999997 9.66712 0.15856000000000003
-0.27352 9.313120000000001 -1.03432
-8.9156 0.7675199999999996 0.9101200000000002
-9.57516 0.27124000000000004 -0.42748
-9.492440000000002 0.05743999999999999 0.07124000000000001
-9.577440000000003 0.23212000000000008 -0.32644
-9.49944 0.23204 -0.30340000000000006
-9.568240000000001 -0.01152 -0.3241199999999999
-9.566039999999997 -0.48039999999999994 -0.27343999999999996
-9.53388 -0.71488 -0.1356
-9.442039999999999 -1.01368 -0.16771999999999998
-9.26036 -1.5215599999999998 -0.23204000000000005
-8.8422 -3.2339600000000006 -0.32183999999999996
-8.853679999999999 -3.367200000000001 -0.26892000000000005
-9.184560000000001 -2.2846 -0.35172
-8.89956 -3.137360000000001 -0.26435999999999993
-8.010039999999998 -4.863480000000001 -0.29640000000000005
-6.033280000000001 -6.9275199999999995 -0.38396
-2.4800000000000004 -8.7454 -0.44596
-0.593 -9.42364 -0.42288000000000003
-8.92716 -2.27324 -0.2298
-9.242040000000001 -0.97224 -0.1838800000000001
-9.60964 -0.03671999999999999 -0.34944
-9.51552 -0.03667999999999999 -0.11719999999999998
-9.545280000000002 -0.0206 -0.15172000000000002
-9.425720000000002 1.2250799999999997 -0.07816
-9.600520000000001 0.30344 -0.17472
-9.44644 0.38616 -0.09196000000000003
-9.5822 0.57 -0.03215999999999999
-9.492399999999998 0.9215199999999999 -0.09660000000000003
-9.444239999999997 1.6732799999999997 -0.12652000000000002
-9.044400000000001 3.44536 0.16307999999999997
-9.56376 0.8847999999999999 0.0022799999999999964
-9.492520000000003 1.2066399999999995 0.17232000000000003
-9.508479999999999 1.9147199999999998 0.31488000000000005
-9.028279999999997 3.45228 0.22288
-8.19856 5.1806399999999995 0.51484
-6.778 6.88616 0.5286000000000002
-5.208279999999999 8.23524 0.11724
-2.1238 9.41664 0.07576000000000001
-0.08039999999999997 9.74304 0.93548
-1.0435999999999992 6.739000000000001 -0.8503599999999999
-6.293200000000001 3.426920000000001 -0.13100000000000003
0.58392 9.660240000000003 0.09195999999999993
-0.023039999999999998 9.701640000000001 -0.13552
3.5074400000000003 8.40304 -1.22964
7.741079999999999 4.78996 -0.041400000000000006
8.04452 0.25512 3.5005200000000003
5.539199999999999 -3.0913200000000005 7.200999999999999
9.232880000000002 -0.35167999999999994 0.57688
9.66492 0.12872 0.3655600000000001
9.809719999999999 0.11708 0.13795999999999997
9.708480000000002 -0.011599999999999984 -0.0022000000000000058
9.67164 -0.7125999999999999 -0.05967999999999998
9.724639999999999 -1.00668 0.013720000000000003
9.57984 -1.8042799999999999 4.0000000000004476e-05
