-0.14464000000000005 -0.21088000000000004 1.0526399999999998
-0.15120000000000006 -0.21436 1.0517200000000002
-0.15028000000000005 -0.20756 1.04896
-0.14684000000000005 -0.21096000000000004 1.0520800000000001
-0.14712000000000006 -0.21000000000000005 1.04988
-0.14684000000000005 -0.21312 1.04964
-0.14812000000000006 -0.21272000000000002 1.0520400000000003
-0.14624000000000004 -0.21004 1.0532399999999997
-0.14344000000000004 -0.21408000000000005 1.0498000000000003
-0.15288000000000002 -0.20592000000000002 1.04996
-0.17492000000000002 -0.20196000000000003 1.04836
-0.18211999999999995 -0.19784 1.05044
-0.17995999999999993 -0.19852 1.0504799999999996
-0.17991999999999997 -0.19752 1.05112
-0.1776 -0.19568000000000002 1.04984
-0.17991999999999997 -0.19311999999999999 1.0470399999999997
-0.18496 -0.18428 1.0494
-0.18932 -0.18784000000000003 1.0498399999999997
-0.18739999999999998 -0.18636 1.0561200000000002
-0.19032000000000004 -0.18896000000000002 1.0466799999999998
-0.19056 -0.18936 1.0444799999999999
-0.18959999999999996 -0.18831999999999996 1.0466799999999998
-0.19184 -0.18708 1.05048
-0.18927999999999998 -0.18811999999999998 1.04892
-0.18864 -0.18703999999999998 1.04832
-0.41928 -0.03396000000000001 0.88232
-0.7665999999999998 0.07179999999999997 0.36559999999999987
-0.25799999999999995 0.6969600000000001 -0.03652000000000001
-0.3634800000000001 0.31416 -0.45768000000000003
-0.3685199999999999 -0.49827999999999995 0.6701599999999999
-0.15572 -0.13127999999999998 1.07408
-0.13036 -0.11324 1.0270399999999997
-0.07456 -0.21368 1.0424399999999998
-0.029640000000000003 0.01756 1.0792399999999998
0.20036 -0.20939999999999998 1.0201999999999998
0.05212000000000001 -0.6811199999999998 0.7824799999999997
-0.32484 -0.5688400000000001 0.8416799999999999
-0.5844400000000001 -0.3556 0.8218799999999997
-0.45624000000000003 0.14708 0.9578399999999999
0.16815999999999998 0.06863999999999998 1.0370400000000002
0.5272399999999999 -0.24888000000000005 0.8888800000000002
0.23803999999999997 -0.42560000000000003 0.9316800000000002
-0.171 -0.326 1.0158800000000001
-0.5257199999999999 -0.13764 0.9524800000000002
-0.5936799999999999 0.06936 0.9033199999999999
-0.26972 0.27916 1.0043199999999999
0.14972000000000002 0.24744000000000008 1.0317199999999997
0.4492799999999999 0.14851999999999999 0.9488
0.7138800000000001 0.00688 0.7712799999999999
0.7893600000000001 -0.21204000000000003 0.6246
0.7731600000000001 -0.46367999999999987 0.45999999999999985
0.55408 -0.7510799999999999 0.28152
0.05516000000000003 -0.9590800000000003 0.17388
-0.28952000000000006 -0.9438400000000001 0.07836000000000001
-0.49552 -0.8495999999999999 0.10520000000000002
-0.7118799999999998 -0.3752799999999999 0.69268
-0.71072 -0.27947999999999984 0.7728800000000001
-0.4679200000000001 0.11235999999999997 0.6879599999999999
0.0003999999999999948 0.8386399999999997 -0.34976
-0.15948 1.0045600000000001 0.18468
-0.17068000000000003 0.9976400000000001 0.21631999999999998
-0.16380000000000006 0.9945599999999999 0.22187999999999997
-0.10080000000000001 1.00552 0.19527999999999995
-0.00272 1.0102399999999998 0.05839999999999997
0.07544000000000001 1.0092400000000001 0.03576000000000001
0.08556000000000001 1.0017200000000002 0.08860000000000001
-0.25992 0.9821199999999999 -0.05800000000000001
-0.3509999999999999 0.9545999999999998 0.19172
-0.23991999999999997 0.9431600000000002 0.08308000000000003
-0.19784 0.9945600000000003 0.1588
-0.15028000000000002 0.98844 0.26076
-0.2066 0.99524 0.27336
-0.10751999999999998 0.98228 0.26580000000000004
0.09916 0.9700399999999998 0.31536000000000003
-0.02628 0.9437199999999999 0.053079999999999974
0.07024000000000002 0.5917999999999999 0.31284
0.013439999999999999 0.09544000000000001 1.0527199999999999
0.09527999999999999 -0.39072 0.98832
-0.016240000000000004 0.23368000000000003 0.19632000000000002
-0.20712000000000003 0.16672 -0.7569199999999999
-0.20724000000000004 -0.35036 -0.7415600000000001
-0.2882800000000001 -0.3144800000000001 -0.74256
-0.21212 0.37479999999999997 -0.7453600000000001
-0.44359999999999994 0.6195999999999999 -0.54116
-0.6120800000000001 0.62744 -0.4133200000000001
-0.7497999999999999 0.42312000000000016 -0.42904
-0.82244 0.014960000000000013 -0.4714
-0.26635999999999993 -0.03808000000000002 -0.7275200000000001
0.12100000000000004 0.26303999999999994 -0.8221200000000002
0.21311999999999998 0.23939999999999997 -0.8087200000000001
0.09296000000000003 0.0374 -0.84308
-0.15567999999999996 -0.026800000000000004 -0.8370800000000002
-0.12819999999999998 0.20960000000000004 -0.8258000000000001
-0.07183999999999999 0.3756400000000001 -0.7978400000000001
-0.09772000000000002 0.8748400000000003 -0.30695999999999996
0.17876 0.87488 -0.34844
0.19476 0.8296800000000002 -0.39904000000000006
-0.11607999999999997 -0.16035999999999995 -0.13508000000000003
-0.0796 -0.9917199999999999 0.12599999999999997
-0.10563999999999998 -0.9019600000000003 0.4377199999999999
-0.2128 -0.7178799999999999 0.76004
-0.37408 -0.79436 0.5634399999999999
-0.13384 -0.75948 0.70916
-0.07648 -0.8930800000000001 0.5317200000000001
-0.043680000000000004 -0.95408 0.36244
-0.0886 -0.95812 0.33196
-0.1264 -0.96028 0.28684
-0.15284 -0.9400800000000001 0.09584
-0.23220000000000007 -0.7895600000000002 -0.3796799999999999
-0.1894 -0.7787599999999999 0.021800000000000007
-0.8848000000000001 -0.33388000000000007 0.3415599999999999
-0.6511199999999999 -0.21083999999999997 0.73324
-0.14416 -0.33483999999999997 0.9964399999999998
-0.03332 -0.5644 0.89024
-0.00844000000000001 -0.7557600000000002 0.73384
0.07328 -0.5399599999999998 0.63776
-0.12512 -0.8133199999999999 0.48944000000000004
-0.3258 -0.9098400000000001 0.3354000000000001
-0.31388 -0.9117600000000001 0.33972
-0.33419999999999994 -0.9116799999999999 0.17828
-0.49139999999999995 -0.87088 0.17375999999999997
-0.4892399999999999 -0.86728 0.17247999999999994
-0.6061999999999999 -0.7875999999999999 0.018799999999999997
-0.71104 -0.67488 -0.09724000000000001
-0.53344 -0.56292 -0.36116
0.04372 0.04955999999999999 -0.83364
0.18256 0.42712000000000006 -0.7528400000000001
0.05459999999999999 0.32135999999999987 -0.7984400000000003
-0.10859999999999999 -0.054959999999999995 -0.8428399999999999
-0.010600000000000005 -0.26396 -0.8055599999999999
0.2732800000000001 -0.37504 -0.72564
0.07024000000000001 -0.64988 -0.62092
0.06792000000000004 -0.78368 -0.42028
-0.44032000000000016 -0.17248000000000002 -0.65988
-0.26836 -0.28295999999999993 -0.7681600000000001
0.21164000000000002 -0.06716 -0.6646
0.25379999999999997 0.03840000000000002 -0.8208799999999998
0.07732 -0.38583999999999996 -0.60964
0.19660000000000002 0.03680000000000001 -0.8277199999999999
0.226 0.044800000000000006 -0.8251599999999999
0.23056000000000001 0.04436 -0.8244
0.22832 0.04408 -0.8226799999999997
0.22704000000000002 0.04856 -0.8218399999999997
0.22668000000000002 0.043680000000000024 -0.82208
0.22048 0.04696000000000001 -0.8272399999999999
0.22580000000000003 0.04376 -0.8208799999999999
0.22444 0.04528000000000001 -0.8240000000000001
0.21984 0.045880000000000004 -0.8255199999999999
0.22384 0.04628000000000001 -0.8228
0.2208 0.04632000000000001 -0.8277600000000003
0.21840000000000004 0.044400000000000016 -0.823
0.21552000000000004 0.051640000000000005 -0.82808
0.21824000000000002 0.04948 -0.8231200000000001
0.21979999999999997 0.048519999999999994 -0.8248799999999998
0.21896000000000002 0.04808 -0.8265200000000001
0.21892 0.048760000000000005 -0.8255599999999998
0.21855999999999998 0.04968 -0.8271599999999999
-0.60568 0.26488 -0.22932000000000005
-0.10144000000000002 -0.5101600000000001 -0.3454
0.39188 -0.013839999999999996 -0.75196
0.44559999999999994 -0.24328000000000002 -0.6148799999999998
0.47735999999999995 -0.22308000000000003 -0.69952
0.43275999999999987 -0.10976 -0.64268
0.19504000000000002 0.023080000000000003 -0.8517999999999998
0.17859999999999995 0.048360000000000014 -0.8386800000000001
0.17559999999999998 0.05407999999999999 -0.8377200000000002
0.17848 0.04852 -0.83656
0.17839999999999998 0.05068 -0.8445599999999999
0.17783999999999994 0.04772000000000001 -0.8364399999999997
0.17539999999999994 0.04916 -0.83836
0.17356000000000002 0.05496 -0.8329999999999999
0.17259999999999998 0.05404 -0.8353200000000003
0.12499999999999999 0.06928 -0.75628
-0.0008800000000000008 0.9573199999999998 -0.17776000000000003
0.07012000000000002 0.76628 -0.39
-0.14352 0.4948 -0.7365999999999999
-0.15064 0.027560000000000043 -0.6886
-0.3957199999999999 -0.7964399999999999 -0.27203999999999995
-0.327 -0.92104 0.24584000000000003
-0.35316000000000003 -0.92148 0.12175999999999998
-0.15376 -0.9437599999999999 -0.06799999999999999
-0.35431999999999997 -0.42512 -0.19504000000000002
0.03220000000000001 -0.9652 -0.08208000000000001
0.03996 -0.9503600000000002 -0.10615999999999999
-0.11892000000000003 -0.94104 -0.14572000000000002
-0.14680000000000004 -0.9400799999999999 -0.13512000000000002
-0.14848 -0.9262800000000001 -0.16164
-0.19600000000000006 -0.97376 0.047880000000000006
-0.08460000000000001 -0.99752 0.23532
-0.26048 -0.9535200000000001 0.22472
-0.41063999999999995 -0.8876000000000001 -0.05484
-0.19879999999999998 -0.28296 -0.24523999999999999
0.010320000000000001 0.97336 -0.13352
0.05795999999999999 0.3825200000000001 -0.7324800000000002
-0.16188 0.22844 -0.7397599999999999
-0.31744 0.8280000000000001 0.14876
-0.16971999999999998 -0.05207999999999999 1.0053200000000002
-0.09020000000000003 -0.6713199999999999 0.8270000000000001
0.3214 -0.38499999999999984 0.86456
0.3994 0.20964000000000002 0.922
-0.15128 0.8568000000000001 0.5329200000000001
-0.30612 0.78184 0.55344
-0.5516 0.6255599999999998 0.6258799999999999
-0.7478400000000001 0.23587999999999995 0.5709599999999999
-0.61804 -0.69072 0.04928000000000002
-0.19468 -0.86208 -0.28464
-0.06016000000000002 -0.15860000000000007 -0.6199599999999998
-0.2796 -0.012400000000000052 -0.55788
-0.51764 -0.04095999999999995 0.6701599999999999
-0.8919199999999999 0.4034400000000001 -0.021559999999999996
-0.98616 -0.19027999999999998 0.06295999999999996
-0.9369200000000003 -0.3822 -0.022199999999999998
