-0.24679999999999996 0.4452 0.11227999999999999
-0.45144 0.28296 -0.84964
-0.26268 0.22304000000000002 -0.8893999999999999
-0.39908 0.5713199999999999 -0.68928
-0.11796000000000001 0.7025999999999998 -0.65368
-0.15488000000000002 0.70084 -0.65672
-0.199 0.7045599999999999 -0.65264
-0.22084 0.7076 -0.6414800000000003
-0.22116 0.7322399999999999 -0.6137599999999999
-0.24219999999999994 0.7360000000000001 -0.5819200000000001
-0.2765199999999999 0.7587999999999999 -0.5373199999999998
-0.28984 0.7565599999999998 -0.53472
-0.30328 0.7568799999999999 -0.52652
-0.3232000000000001 0.7485999999999998 -0.52228
-0.34196 0.7452400000000001 -0.52224
-0.35620000000000007 0.7472799999999998 -0.50856
-0.14292 0.7123999999999998 -0.56852
-0.06743999999999999 0.7694 -0.5793200000000001
0.004719999999999997 0.6970400000000001 -0.6574
0.17948 0.6333599999999999 -0.68696
0.13036 0.7534000000000001 -0.58376
0.13191999999999998 0.6739199999999999 -0.64964
0.1264 0.39504000000000006 -0.8997600000000004
-0.016560000000000002 0.40939999999999993 -0.8935999999999998
0.249 0.014359999999999973 -0.7655600000000001
-0.12172000000000001 0.3051999999999999 -0.9284800000000001
-0.13815999999999998 0.3393999999999999 -0.9257199999999999
-0.185 0.5085200000000001 -0.8183600000000001
0.05388000000000001 0.6988399999999999 -0.6402
0.09672 0.44108 -0.87228
0.01312 0.25295999999999996 -0.9633599999999999
-0.033440000000000004 0.27487999999999996 -0.8439200000000001
-0.15036000000000002 0.06495999999999999 -0.9905600000000001
-0.15316000000000007 0.20007999999999995 -0.9675599999999998
-0.09884 0.23304000000000005 -0.9709200000000001
-0.16691999999999996 0.3422799999999999 -0.9107199999999999
-0.12612 0.4823600000000001 -0.8378000000000001
-0.02848 0.62584 -0.7544799999999998
-0.014119999999999997 0.3465999999999999 -0.92172
-0.0614 0.1888 -0.9818000000000002
0.02376 0.011880000000000002 -1.0048
0.05363999999999999 0.09484 -0.8867200000000001
0.24375999999999998 0.18452 -0.9518800000000001
0.14412 0.30167999999999995 -0.9393600000000003
0.07647999999999999 0.45988000000000007 -0.87264
-0.09024000000000001 0.25424 -0.9516800000000001
-0.14164000000000004 0.7744 -0.27827999999999997
-0.060480000000000006 0.94072 -0.007519999999999998
-0.05864000000000002 0.9303200000000001 -0.1076
-0.12048000000000002 0.9188400000000001 0.030040000000000004
-0.06080000000000002 0.921 0.049919999999999985
-0.01908 0.92444 -0.024200000000000003
-0.023640000000000008 0.93316 0.028440000000000007
0.14100000000000001 0.9359200000000001 -0.26172
0.058639999999999984 0.9019999999999999 -0.28208000000000005
0.11004 0.9019600000000001 -0.25328
0.01 0.9077200000000001 -0.26436
-0.05096000000000001 0.9148400000000001 -0.25339999999999996
-0.11176 0.9222800000000001 -0.25067999999999996
-0.07368 0.91364 -0.23364000000000001
0.03992000000000002 0.9195199999999999 -0.22180000000000002
-0.00624 0.9228800000000001 -0.13760000000000003
0.19032000000000007 0.7194800000000001 0.25392
0.15512 0.40096 0.77972
-0.025840000000000002 0.49068 0.7454399999999999
-0.10443999999999999 0.53448 0.7210800000000002
-0.10132000000000002 0.59892 0.6677200000000001
-0.03400000000000001 0.68392 0.5775599999999999
0.04707999999999999 0.73008 0.5106800000000001
-0.044 0.6998400000000001 0.5616399999999999
-0.11595999999999998 0.8564799999999999 0.2346
-0.006519999999999998 0.9254000000000002 0.09608
0.022479999999999993 0.7079600000000003 0.42096000000000006
0.15195999999999996 0.8654800000000002 0.2396
0.10948000000000002 0.8542799999999999 0.30111999999999994
0.05608 0.8590400000000002 0.32504
0.13288 0.7441199999999999 0.49444000000000005
0.37223999999999996 0.5909599999999999 0.27824
0.1794 0.78944 0.18532000000000004
-0.018720000000000004 0.8645599999999998 0.26932000000000006
-0.24139999999999995 0.8860800000000001 0.02656000000000001
-0.09108000000000001 0.8657599999999996 0.07924000000000002
0.013720000000000012 0.51488 0.7007599999999999
-0.04032 0.5656400000000001 0.6966799999999997
-0.042760000000000006 0.60776 0.65924
-0.01524 0.6022399999999999 0.6683199999999999
0.00784 0.5579999999999998 0.7054400000000001
0.16935999999999996 0.5819599999999998 0.6557999999999998
0.33244 0.62648 0.5578000000000001
0.2112 0.6723600000000001 0.22495999999999994
-0.09856 0.53888 0.6846400000000001
0.10516 0.6492 0.5862000000000002
0.21212 0.8074000000000002 0.32720000000000005
0.18872 0.85056 0.2686
-0.14756 0.74068 0.4711600000000001
-0.084 0.8321999999999999 0.27432000000000006
-0.10163999999999998 0.7949200000000001 0.40580000000000005
-0.13255999999999998 0.6723599999999998 0.5728800000000001
-0.12603999999999999 0.46799999999999997 0.7503599999999997
0.09527999999999999 0.32323999999999997 0.8285999999999999
0.11732000000000004 0.2656 0.8480000000000001
0.05028 0.5097999999999999 0.3788
0.43044 -0.5378799999999999 0.3102
-0.019920000000000004 -0.18560000000000001 0.84584
0.17224 0.17443999999999998 0.8370400000000002
0.19151999999999997 0.46431999999999995 0.7184000000000001
0.29388 0.172 0.7965200000000001
0.4442400000000001 0.3557999999999999 0.6733199999999999
-0.31755999999999995 0.5332 0.03804000000000001
0.18804 -0.66268 -0.6037199999999999
0.37524 -0.79464 -0.57372
0.3748799999999999 -0.7956400000000001 -0.5721599999999999
0.3754799999999999 -0.7978000000000001 -0.5694
0.37683999999999995 -0.79352 -0.56996
0.3720399999999999 -0.7949200000000001 -0.57428
0.37683999999999995 -0.7975200000000002 -0.5665600000000001
0.3774799999999999 -0.7952800000000001 -0.5673999999999999
0.3746 -0.7953200000000001 -0.5687199999999999
0.37652 -0.7975200000000001 -0.5694399999999998
0.37487999999999994 -0.7980800000000002 -0.5690399999999998
0.37304000000000004 -0.7931599999999999 -0.5694799999999999
0.37335999999999997 -0.7965600000000002 -0.5706399999999999
0.3730399999999999 -0.7961600000000001 -0.5628799999999998
0.37471999999999994 -0.79688 -0.5696800000000001
0.3749199999999999 -0.79664 -0.56756
0.3767599999999999 -0.7910400000000002 -0.5712799999999999
0.37615999999999983 -0.7993600000000001 -0.5646799999999998
0.37515999999999994 -0.795 -0.56576
0.3752 -0.7977600000000001 -0.56308
0.37192000000000003 -0.79956 -0.56512
0.36668 -0.7935200000000002 -0.56916
0.37195999999999996 -0.79904 -0.5669199999999998
0.37072000000000005 -0.7972000000000001 -0.5631999999999999
0.3719199999999999 -0.7974800000000001 -0.5697199999999998
0.36883999999999995 -0.7974400000000001 -0.5684399999999998
0.37036 -0.7941600000000001 -0.5604799999999999
0.36843999999999993 -0.7959600000000002 -0.5668799999999999
0.3669199999999999 -0.7972400000000002 -0.5678799999999999
0.37040000000000006 -0.7984800000000001 -0.5662400000000001
0.37091999999999997 -0.79872 -0.56592
0.36663999999999997 -0.7950400000000001 -0.5680799999999998
0.3711999999999999 -0.8000400000000002 -0.5644399999999998
0.3684799999999999 -0.7906000000000002 -0.5688399999999999
0.37028 -0.7971600000000001 -0.56748
0.36908 -0.7947200000000001 -0.5709200000000001
0.3724799999999999 -0.8006399999999998 -0.5684800000000001
0.37348 -0.7966 -0.56448
0.36963999999999997 -0.79968 -0.56872
0.36976 -0.7972000000000001 -0.5647599999999999
0.37004 -0.7983600000000003 -0.5635199999999999
0.37048000000000003 -0.7980400000000002 -0.5669999999999998
0.36912 -0.79724 -0.5687599999999999
0.36871999999999994 -0.7962000000000002 -0.5638000000000001
0.3693599999999999 -0.796 -0.5684399999999998
0.36823999999999996 -0.7980800000000001 -0.57344
0.37031999999999987 -0.7966399999999997 -0.56716
0.3721999999999999 -0.79468 -0.5678799999999999
0.36936 -0.79744 -0.56692
0.36792 -0.7907200000000002 -0.56284
0.36876 -0.7934800000000002 -0.56436
0.36452000000000007 -0.7977600000000001 -0.57348
0.37128 -0.79844 -0.56916
0.36971999999999994 -0.7948 -0.56816
0.36788000000000004 -0.7956400000000001 -0.56292
0.36672 -0.796 -0.56448
0.36748 -0.79136 -0.5681199999999997
0.3703600000000001 -0.7953600000000001 -0.5696800000000001
0.3730399999999999 -0.79656 -0.5663199999999999
0.36936 -0.7970800000000001 -0.5662799999999999
0.36572000000000005 -0.79224 -0.5638400000000001
0.36788 -0.79664 -0.5644799999999999
0.3719200000000001 -0.8005200000000001 -0.5662800000000001
0.37127999999999983 -0.79688 -0.5618799999999999
0.3675999999999999 -0.79444 -0.5682
0.3686 -0.7947199999999998 -0.56604
0.36912 -0.7980800000000001 -0.56436
0.37044 -0.79896 -0.5659599999999998
0.36879999999999996 -0.7959200000000002 -0.56824
0.37012 -0.79636 -0.5638400000000001
0.37316000000000005 -0.80212 -0.56656
0.36884 -0.79596 -0.5654
0.3695200000000001 -0.7927200000000001 -0.5646399999999998
0.3698400000000001 -0.796 -0.56288
0.36764 -0.7959200000000002 -0.56816
0.36783999999999994 -0.7984000000000002 -0.5656399999999999
0.36851999999999996 -0.79804 -0.5638000000000001
0.36548 -0.7955600000000003 -0.56324
0.36507999999999996 -0.7948000000000001 -0.5709199999999999
0.36940000000000006 -0.7991199999999999 -0.5638799999999999
0.3623599999999999 -0.7971200000000002 -0.565
0.37028 -0.8006 -0.5640399999999999
0.36784 -0.7965200000000001 -0.5641600000000001
0.3644 -0.7926000000000001 -0.5625600000000001
0.3678800000000001 -0.79804 -0.5621599999999999
0.36379999999999996 -0.7953600000000001 -0.55976
0.26243999999999995 -0.81136 -0.5698400000000001
-0.6239999999999999 -0.68604 -0.28584
-0.75452 -0.69916 0.14272
0.008519999999999979 -0.8100399999999999 0.07987999999999999
0.6802799999999999 -0.6861200000000001 0.003039999999999967
0.6586399999999999 -0.54744 -0.3691199999999999
0.5721200000000001 -0.6741999999999997 -0.48636
0.6240000000000001 0.11603999999999999 -0.01735999999999998
-0.14416 0.44528000000000006 0.5393999999999999
0.38099999999999995 -0.09795999999999996 0.5725999999999999
0.40776 0.18596000000000007 0.7032799999999998
0.15868000000000004 0.12576 -0.5381999999999999
0.07776 -0.08295999999999999 -0.9740400000000001
-0.22692000000000004 -0.21592000000000003 -0.9525199999999999
-0.584 -0.41244 -0.71044
-0.51296 0.6432000000000001 -0.4661600000000001
-0.56504 0.11264000000000002 -0.71008
-0.42031999999999997 -0.4408399999999999 -0.8306399999999999
-0.6503200000000001 0.37095999999999996 -0.37476000000000004
-0.7194800000000001 0.6393599999999999 -0.07907999999999998
-0.16072 0.8610800000000001 0.10955999999999998
0.019720000000000012 0.70632 0.4464000000000001
0.51716 -0.40448 -0.7758799999999999
0.5177999999999998 -0.40700000000000003 -0.7818400000000001
0.52076 -0.4044 -0.7778400000000001
0.5164799999999998 -0.40308 -0.7781600000000001
0.5148399999999999 -0.40348 -0.7762
0.51964 -0.40687999999999996 -0.77652
0.51676 -0.40751999999999994 -0.77692
0.5167599999999999 -0.4044 -0.7727999999999998
0.51296 -0.40259999999999996 -0.7749599999999998
0.5186799999999999 -0.40380000000000005 -0.77532
0.5208399999999999 -0.40471999999999997 -0.7758799999999999
0.5199199999999999 -0.40656000000000003 -0.7755599999999998
0.51772 -0.40224000000000004 -0.77748
0.51488 -0.40192 -0.7783999999999998
0.5152399999999999 -0.40387999999999996 -0.7806799999999998
0.51644 -0.40480000000000005 -0.7771999999999999
0.51616 -0.40312000000000003 -0.7731199999999998
0.5199199999999998 -0.40880000000000005 -0.7749599999999998
0.5154799999999998 -0.40315999999999996 -0.77848
0.5066799999999999 -0.4139999999999999 -0.7731199999999998
0.48824000000000006 -0.4436800000000002 -0.78384
0.48056000000000004 -0.44836000000000015 -0.7822800000000001
0.48576 -0.4534000000000001 -0.77752
0.4882799999999998 -0.4489599999999999 -0.7806400000000001
0.5000800000000001 -0.42968000000000006 -0.7796799999999997
0.5089199999999998 -0.41856000000000004 -0.7724399999999997
0.51016 -0.41511999999999993 -0.7761999999999999
0.5057200000000001 -0.42080000000000006 -0.7762800000000002
0.49719999999999986 -0.4278 -0.7841599999999999
0.4861599999999999 -0.4334 -0.7922000000000001
0.47708 -0.4414400000000001 -0.7893600000000001
0.44388 -0.46144000000000013 -0.8019199999999997
0.4237200000000001 -0.4799599999999999 -0.8029600000000002
0.4445600000000001 -0.4722800000000001 -0.7981199999999999
0.45248 -0.4515599999999999 -0.7934800000000002
0.4780000000000001 -0.45624000000000015 -0.78592
0.4683200000000001 -0.4699199999999999 -0.7868400000000002
0.4801200000000001 -0.46116 -0.7758799999999999
0.5379200000000001 -0.42928000000000005 -0.7519999999999999
