-0.22464000000000003 -0.9044000000000001 -0.28512000000000004
-0.23656 -0.9262400000000004 -0.3325600000000001
-0.2404 -0.9252000000000006 -0.3326800000000001
-0.2366 -0.9274800000000005 -0.32988000000000006
-0.23944 -0.9240000000000004 -0.33176
-0.23912 -0.9210400000000004 -0.33276000000000006
-0.23592 -0.9262400000000003 -0.33220000000000005
-0.23784 -0.9245600000000005 -0.3326400000000001
-0.23375999999999997 -0.9253600000000002 -0.33348000000000005
-0.23464 -0.9275200000000001 -0.33112
-0.23687999999999998 -0.9236800000000003 -0.33292
-0.23751999999999998 -0.9206800000000003 -0.33568000000000003
-0.23431999999999997 -0.9219200000000004 -0.33388000000000007
-0.23623999999999998 -0.9281200000000002 -0.33476
-0.23848 -0.9253200000000004 -0.33696000000000004
-0.23879999999999998 -0.9255600000000003 -0.3331600000000001
-0.23751999999999998 -0.9234400000000003 -0.33404000000000006
-0.23464000000000002 -0.9236800000000005 -0.33536
-0.23788 -0.9246800000000003 -0.3328400000000001
-0.23528 -0.9250000000000004 -0.33884000000000003
-0.23559999999999998 -0.9227600000000002 -0.33428
-0.2404 -0.9229600000000002 -0.33848
-0.23464 -0.9248400000000003 -0.3372400000000001
-0.23747999999999997 -0.9268400000000002 -0.3342000000000001
-0.23623999999999998 -0.9236800000000004 -0.33480000000000004
-0.23464 -0.9243600000000002 -0.3316400000000001
-0.23404 -0.9256400000000004 -0.3329600000000001
-0.23848 -0.9237600000000004 -0.33812000000000003
-0.23976 -0.9227600000000004 -0.33824000000000004
-0.23656 -0.9262400000000003 -0.33316
-0.23687999999999998 -0.9247600000000005 -0.33756
-0.23784 -0.9261600000000005 -0.33480000000000004
-0.2372 -0.9234400000000003 -0.33448
-0.2366 -0.9256800000000002 -0.3324000000000001
-0.23464 -0.9221200000000005 -0.33432
-0.23623999999999998 -0.9230800000000003 -0.33576000000000006
-0.23687999999999998 -0.9252400000000003 -0.33172
-0.23751999999999998 -0.9228400000000002 -0.33208000000000004
-0.23592 -0.9255600000000004 -0.33692000000000005
-0.23532 -0.9220000000000003 -0.3366800000000001
-0.242 -0.9194400000000001 -0.33520000000000005
-0.23687999999999998 -0.9243600000000005 -0.33204000000000006
-0.23788 -0.9256000000000002 -0.33751999999999993
-0.23815999999999998 -0.9219600000000002 -0.33388000000000007
-0.23784 -0.9212400000000003 -0.33508000000000004
-0.24131999999999998 -0.9216000000000002 -0.3316400000000001
-0.23592 -0.9250400000000003 -0.3385200000000001
-0.23431999999999997 -0.9254000000000002 -0.33816
-0.23815999999999998 -0.9258800000000005 -0.33348
-0.23848 -0.9204400000000004 -0.33812
-0.23464 -0.9270800000000005 -0.33324
-0.23432000000000003 -0.9246400000000002 -0.33232000000000006
-0.23407999999999998 -0.9253600000000004 -0.33728
-0.23879999999999998 -0.9184800000000003 -0.33416
-0.23464 -0.9244000000000002 -0.3328400000000001
-0.23304 -0.9243600000000004 -0.33108000000000004
-0.23779999999999998 -0.9234800000000003 -0.33848
-0.23751999999999998 -0.9218400000000002 -0.33544
-0.23495999999999997 -0.9244000000000004 -0.3323600000000001
-0.23751999999999998 -0.9237600000000004 -0.33360000000000006
-0.2372 -0.9268800000000003 -0.3382400000000001
-0.23495999999999997 -0.9269600000000002 -0.33620000000000005
-0.23659999999999998 -0.9247200000000003 -0.33104000000000006
-0.2372 -0.9253200000000003 -0.33904
-0.23555999999999996 -0.9274800000000002 -0.33964000000000005
-0.24104 -0.9250400000000003 -0.33812000000000014
-0.23879999999999998 -0.9213600000000003 -0.33984000000000003
-0.23848 -0.9259600000000003 -0.33468000000000003
-0.23976 -0.9236800000000004 -0.33568000000000003
-0.23656 -0.92568 -0.33616
-0.23815999999999998 -0.9231200000000003 -0.33016000000000006
-0.23623999999999998 -0.9225600000000003 -0.33348
-0.23784 -0.9233600000000003 -0.33391999999999994
-0.23304 -0.9250000000000002 -0.3399600000000001
-0.23687999999999998 -0.9216000000000004 -0.33632000000000006
-0.23656 -0.9227600000000002 -0.3320000000000001
-0.23592 -0.9240000000000004 -0.3378000000000001
-0.23784 -0.9240000000000005 -0.33692000000000005
-0.23784 -0.9253200000000004 -0.33856
-0.23811999999999997 -0.9209200000000004 -0.33688
-0.23564 -0.9240000000000002 -0.33592
-0.23784 -0.9209600000000002 -0.3390800000000001
-0.2382 -0.9218800000000003 -0.33592
-0.235 -0.9244000000000006 -0.33756
-0.23623999999999998 -0.9246800000000003 -0.33596000000000004
-0.23848 -0.9221200000000005 -0.33360000000000006
-0.23684000000000002 -0.9210400000000004 -0.3378400000000001
-0.23623999999999998 -0.9227600000000004 -0.33264000000000005
-0.23751999999999998 -0.9268800000000005 -0.3353600000000001
-0.23724 -0.9249600000000003 -0.33692000000000005
-0.23751999999999998 -0.9227600000000002 -0.33232000000000006
-0.23815999999999998 -0.9244000000000004 -0.33816000000000007
-0.23815999999999998 -0.9202400000000003 -0.33324000000000004
-0.23623999999999998 -0.9224400000000004 -0.3341200000000001
-0.23879999999999998 -0.9227600000000006 -0.33884000000000003
-0.23884 -0.9263199999999999 -0.33596000000000004
-0.23528 -0.9242800000000002 -0.3289600000000001
-0.23815999999999998 -0.9247200000000003 -0.33324000000000004
-0.23628 -0.9231200000000003 -0.33568000000000003
-0.24136 -0.9200400000000003 -0.3415600000000001
-0.23687999999999998 -0.9227200000000004 -0.33568000000000003
-0.23623999999999998 -0.9246800000000003 -0.33848000000000006
-0.23879999999999998 -0.9256400000000002 -0.33596000000000004
-0.23528 -0.9240800000000005 -0.33628
-0.23815999999999998 -0.9248800000000004 -0.3338400000000001
-0.23495999999999997 -0.9238400000000004 -0.33596000000000004
-0.23875999999999997 -0.9231200000000004 -0.33352000000000004
-0.24008 -0.9221600000000003 -0.3366000000000001
-0.23912 -0.9212800000000003 -0.3390400000000001
-0.013799999999999969 -0.912 -0.19692000000000007
0.1358 -0.5871599999999999 -0.45988
0.27519999999999994 -0.46452 -0.7761600000000002
-0.11192 -0.55316 -0.56444
-0.16379999999999995 -0.79436 -0.5753999999999999
-0.18907999999999997 -0.72108 -0.68836
-0.06856 -0.6075600000000001 -0.80936
0.08683999999999999 -0.42928 -0.9048000000000002
0.2286799999999999 -0.38748000000000005 -0.8945199999999999
0.41584000000000004 -0.5661999999999999 -0.7061200000000001
0.3437599999999999 -0.8299200000000002 -0.35036000000000017
0.01900000000000002 -0.8308800000000001 -0.47411999999999993
-0.11356 -0.7136 -0.70384
-0.0934 -0.70916 -0.7179599999999999
0.049920000000000006 -0.36827999999999994 -0.9256399999999999
-0.014280000000000015 -0.5778399999999999 -0.73316
0.04028 -0.68912 -0.74848
0.20120000000000007 -0.7487599999999999 -0.6418
-0.03339999999999999 -0.36591999999999997 -0.8911199999999999
-0.22311999999999999 -0.44920000000000004 -0.8573600000000003
-0.05488000000000001 -0.6312399999999999 -0.7103999999999999
-0.08167999999999999 -0.5744 -0.8158
-0.185 -0.7238400000000001 -0.6511199999999999
-0.19531999999999994 -0.7143999999999999 -0.6973199999999998
-0.21876 -0.65516 -0.7388800000000001
-0.16636000000000004 -0.48144000000000003 -0.8694799999999998
-0.014319999999999986 -0.5945199999999999 -0.88012
-0.03656 -0.44767999999999986 -0.8982399999999998
-0.18964000000000006 -0.4040399999999999 -0.91176
-0.41808000000000006 -0.31980000000000003 -0.8726399999999999
-0.3667200000000001 -0.8477599999999998 -0.3114800000000001
-0.12916 -0.9628 -0.30488000000000004
-0.03672 -0.92756 -0.38128
0.11576000000000004 -0.90268 -0.34635999999999995
0.014679999999999995 -0.9512400000000001 -0.17628
-0.04272 -0.9937200000000002 -0.047639999999999995
0.011999999999999988 -0.98588 0.07168000000000001
-0.25052 -0.95292 0.23852
-0.03740000000000001 -0.35035999999999995 -0.049240000000000006
-0.09928000000000001 -0.9348399999999998 0.26275999999999994
-0.0718 -0.9665999999999998 -0.030320000000000003
0.04839999999999999 -0.9572400000000001 0.14687999999999998
-0.08868000000000001 -0.9540400000000001 0.03927999999999999
0.028720000000000002 -0.9678000000000001 0.20968
0.03872 -0.98016 0.04939999999999999
-0.03059999999999999 -0.9394400000000002 0.18512000000000003
-0.12007999999999995 -0.9835199999999997 0.06768
-0.021719999999999996 -0.9902799999999999 0.05528000000000002
-0.08112 -0.9929600000000001 -0.04991999999999999
-0.14879999999999996 -0.7961999999999999 0.17067999999999997
0.012520000000000002 -0.7622000000000003 0.5856000000000001
-0.09015999999999998 -0.6677199999999999 0.6819999999999999
-0.09356 -0.6726799999999998 0.5403599999999998
0.03440000000000001 -0.5212400000000001 0.78392
-0.11447999999999998 -0.5050399999999999 0.7912399999999999
-0.30828 -0.5693999999999999 0.6820799999999998
0.08888 -0.5518799999999999 0.5101199999999999
0.04168 -0.28616 0.8886799999999999
-0.10796 -0.4505200000000001 0.8106399999999999
-0.244 -0.5828400000000001 0.7226
-0.19312 -0.7988000000000001 0.54752
0.11479999999999999 -0.8085999999999999 0.49483999999999995
0.04768 -0.55192 0.7684799999999999
0.14292000000000005 -0.60976 0.7119199999999999
0.18791999999999998 -0.6788399999999999 0.65056
-0.05204 -0.8567599999999999 0.44336000000000003
-0.11236000000000003 -0.548 0.62344
-0.10544 -0.3186800000000001 0.8652
-0.38004 -0.38452000000000003 0.7884
-0.24111999999999997 -0.34631999999999996 0.31692
-0.12984 -0.15100000000000002 0.8917999999999998
-0.042400000000000014 -0.36491999999999997 0.87704
-0.18967999999999996 -0.12560000000000002 0.72556
0.15984 -0.027440000000000006 1.15816
-0.14947999999999997 -0.09487999999999999 0.9253200000000003
-0.25439999999999996 -0.10332 0.8660800000000003
-0.16508 0.05868000000000001 0.92632
-0.32472 -0.03120000000000001 0.8845600000000001
0.07703999999999998 -0.005239999999999998 0.9210000000000004
0.4527199999999999 -0.006479999999999999 0.79656
0.5359200000000002 -0.02084 0.7565999999999999
0.64648 -0.12200000000000003 0.67172
0.8680000000000002 -0.14595999999999998 0.33791999999999994
0.74884 -0.37192000000000003 0.38967999999999997
0.8984800000000003 -0.18068 0.15388000000000002
0.9380799999999999 0.062400000000000004 0.08208
0.72636 0.0702 -0.34912000000000004
0.61056 0.36188000000000003 -0.16192000000000004
0.7890399999999999 0.14508000000000001 0.4773599999999999
0.30399999999999994 0.53728 0.37279999999999985
-0.24712 0.9038799999999998 0.08075999999999998
-0.20592 0.89664 -0.0436
0.35168000000000005 0.8358799999999998 -0.024640000000000006
0.6245999999999999 0.39008000000000004 -0.00684000000000001
0.23740000000000003 0.26232000000000005 0.6410800000000002
0.52632 0.9775600000000001 1.01776
0.24992 0.30639999999999995 0.7559600000000001
0.44295999999999985 -0.018719999999999994 -0.46923999999999993
0.29956000000000005 -0.4446 -0.8301999999999999
-0.29767999999999994 -0.5113199999999999 -0.8066
-0.8205200000000002 -0.42376 -0.22280000000000005
-0.8688800000000001 0.24776 -0.42868
-0.45372000000000007 -0.5914799999999999 -0.44555999999999996
0.036160000000000005 -0.8411599999999999 -0.5063599999999999
-0.7078800000000001 -0.46696000000000004 0.08232
-0.9319999999999999 -0.18132 0.29572000000000004
-0.8099600000000001 0.45704 0.06716
-0.8488800000000001 0.16915999999999998 0.2234400000000001
0.03272 0.5671200000000001 -0.009320000000000012
-0.11892 0.8152000000000001 -0.29047999999999996
-0.01096 0.9291600000000001 0.13383999999999996
0.0066 0.9394799999999998 0.06332
0.00072 0.9443599999999998 0.017200000000000003
-0.02464 0.9448799999999997 -0.003999999999999999
-0.06296000000000002 0.9497200000000002 -0.06356
-0.19128 0.9087999999999999 -0.16151999999999997
-0.05064000000000001 0.92944 -0.20688000000000004
0.024080000000000004 0.9363599999999999 -0.17388
0.0986 0.9210400000000001 -0.1804
0.10384 0.9316000000000002 -0.15884000000000004
-0.07024 0.87724 -0.31004
-0.03116 0.9304399999999998 -0.14476
0.0027600000000000003 0.9459599999999999 0.01684
-0.04436000000000001 0.9338000000000001 0.12228000000000003
-0.10088 0.9216800000000004 0.15848000000000004
-0.055360000000000006 0.9334800000000001 0.12456000000000002
-0.11264000000000002 0.9316000000000002 0.11103999999999999
-0.14844000000000002 0.9305600000000003 0.08856
0.08895999999999998 0.9159999999999998 -0.17696
0.12644000000000002 0.9008800000000001 -0.30136
0.047360000000000006 0.8831999999999998 -0.37348
0.021520000000000004 0.8592800000000002 -0.43148000000000003
-0.05508 0.8564800000000002 -0.44708000000000003
-0.041800000000000004 0.824 -0.4967199999999998
0.07672000000000001 0.6900800000000001 -0.6357599999999999
-0.07388000000000002 0.6344 -0.7491599999999998
-0.17255999999999996 0.64608 -0.7229599999999999
-0.20308 0.6825599999999998 -0.68364
-0.21723999999999996 0.7490000000000001 -0.5843599999999999
-0.24772000000000002 0.8196399999999998 -0.4582800000000001
-0.30236 0.8248400000000001 -0.40903999999999996
-0.23220000000000002 0.8381200000000001 -0.4074400000000001
-0.14392 0.6652800000000001 -0.54332
-0.013040000000000001 0.74408 -0.5918400000000001
-0.06924 0.6972799999999999 -0.68608
-0.20344 0.7388000000000001 -0.6094
-0.22068 0.7281599999999999 -0.61088
