
-0.037080000000000016 -0.02300000000000001 -0.6043999999999999
-0.04180000000000002 -0.015559999999999997 -0.5990799999999998
-0.03804000000000002 -0.019880000000000005 -0.60688
-0.039000000000000014 -0.022480000000000007 -0.6095599999999998
-0.03748000000000001 -0.018920000000000003 -0.6043999999999999
-0.03584000000000001 -0.019600000000000003 -0.6016400000000001
-0.03872000000000001 -0.023320000000000007 -0.6022
-0.03488000000000001 -0.023320000000000007 -0.6041599999999999
-0.0019199999999999998 0.10735999999999998 -0.42619999999999997
0.031400000000000004 0.34604 -0.7652800000000002
0.028040000000000006 0.3004400000000001 0.5844399999999998
0.014320000000000005 -0.13412000000000002 0.94168
0.014360000000000006 -0.13116000000000003 0.9425999999999998
0.014720000000000002 -0.13112000000000001 0.9379599999999999
0.01624 -0.13756000000000004 0.9397599999999998
0.017200000000000003 -0.13448000000000002 0.9401599999999997
0.010040000000000002 -0.12331999999999999 0.9397599999999998
0.056839999999999995 0.10739999999999997 0.26571999999999985
-0.010319999999999996 0.16036 -0.13468
-0.09276000000000001 0.07684 0.9388
0.11487999999999995 0.06863999999999999 0.9300800000000001
0.1192 -0.40239999999999987 0.83808
-0.26272 -0.5539200000000001 0.7414000000000002
-0.5109999999999999 -0.2402800000000001 0.78496
-0.59836 -0.09148000000000003 0.7485599999999999
-0.36379999999999996 0.2914 0.8071200000000001
-0.11611999999999999 0.55536 0.7622399999999999
0.1464 0.6040400000000001 0.7119599999999998
0.39312 0.33159999999999984 0.7858000000000002
0.54316 -0.023080000000000003 0.7762399999999998
0.55844 -0.37384 0.6783199999999999
0.4293600000000001 -0.7035199999999999 0.51792
0.021560000000000006 -0.88956 0.40684
-0.2761199999999999 -0.9216800000000002 0.29323999999999995
-0.37132 -0.8755200000000001 0.29336
-0.55344 -0.7853199999999998 0.27863999999999994
-0.6889200000000001 -0.68952 0.25055999999999995
-0.33104 0.36535999999999996 0.38032
0.16915999999999998 0.7606799999999998 0.5507599999999999
0.29824 0.6576800000000002 0.6196400000000001
0.34548 0.6521600000000001 0.61368
0.21811999999999998 0.7331600000000001 0.5640799999999999
0.12168000000000001 0.90952 0.3113599999999999
-0.07863999999999999 0.8804399999999998 0.008759999999999988
-0.15747999999999998 0.9458799999999998 0.16124
-0.20183999999999996 0.9022000000000002 -0.12940000000000002
-0.05992 0.9790799999999998 -0.03708000000000001
-0.05404 0.9843600000000002 -0.07140000000000002
-0.09168 0.9961999999999999 -0.014959999999999996
-0.09975999999999997 0.97872 0.0324
-0.04056000000000001 0.95124 0.19099999999999998
0.08396000000000002 0.9128400000000001 0.2708
0.19523999999999997 0.93908 0.14200000000000002
0.11639999999999995 0.9662800000000001 0.12351999999999999
-0.11851999999999999 0.9471999999999998 -0.12479999999999998
-0.09635999999999999 0.9708800000000002 -0.14072000000000004
-0.1494 0.98092 -0.21371999999999997
-0.19404000000000005 0.6801200000000001 0.37636000000000003
-0.031799999999999995 0.49352 0.8081199999999998
0.23499999999999996 0.62684 0.66228
0.39248000000000005 0.6142799999999999 0.62212
0.24272 0.73572 0.5566399999999999
0.22928000000000004 0.8311599999999999 0.4312
-0.015399999999999987 0.5376000000000001 0.7160799999999999
0.10868 0.3880400000000001 0.8477600000000001
0.08895999999999998 0.5474799999999999 0.7704
0.08488 0.58776 0.7404
0.14659999999999995 0.5781199999999999 0.7353599999999999
0.14187999999999998 0.6346 0.6826399999999999
0.04392 0.79496 0.5347599999999999
0.06644 0.935 0.2568
-0.02900000000000001 0.9116799999999999 0.33008000000000004
0.011600000000000004 0.8988799999999999 0.33912
-0.17319999999999997 0.33663999999999994 -0.59208
-0.0888 0.9179200000000002 -0.40132000000000007
-0.14067999999999997 0.83364 -0.5176
-0.035800000000000005 0.853 -0.49755999999999995
-0.03488 0.8720399999999999 -0.48748
-0.09608 0.8253199999999999 -0.5300799999999998
-0.13756000000000002 0.63996 -0.7441199999999999
-0.08328000000000003 0.6086399999999998 -0.7828799999999998
0.026800000000000004 0.54128 -0.8228
-0.11264000000000002 0.5283199999999999 -0.8209199999999999
-0.20004000000000005 0.77468 -0.44323999999999997
-0.00344 0.9466000000000001 -0.27464
0.0964 0.9544400000000001 -0.26516
0.11152 0.9526399999999999 -0.16412000000000002
0.10611999999999998 0.95388 -0.22992
0.004960000000000005 0.7759199999999999 -0.6461199999999999
0.03124000000000001 0.42344000000000004 -0.8978800000000003
0.36900000000000005 0.23212 -0.8826400000000002
0.25236000000000003 -0.15123999999999996 -0.9513599999999998
0.0015999999999999886 -0.29924 -0.9507599999999996
-0.20899999999999996 -0.022399999999999993 -0.9794400000000002
-0.3841200000000001 0.21592000000000003 -0.8864
-0.024600000000000004 0.31140000000000007 -0.9465600000000001
0.010519999999999998 0.17192 -0.9819200000000001
-0.15172 0.16319999999999996 -0.9659199999999999
-0.40059999999999996 0.027120000000000005 -0.9229600000000002
-0.5522 0.13504 -0.8243200000000002
-0.34292 0.4170399999999999 -0.8311599999999999
-0.24308 0.3576 -0.9042
-0.08771999999999996 0.5778399999999999 -0.7823199999999999
-0.04828000000000001 0.2901600000000001 -0.9210400000000001
-0.39564 0.01772 -0.9125599999999998
-0.11139999999999996 -0.5647599999999998 -0.8043199999999997
-0.03896000000000001 0.65268 -0.50072
-0.17848 0.7765599999999998 -0.58432
-0.24348000000000003 0.6983199999999999 -0.6717199999999999
-0.19347999999999996 0.82708 -0.5013999999999998
-0.20279999999999998 0.6539200000000001 0.55136
-0.12952000000000002 0.9060399999999998 0.2754000000000001
-0.14848000000000006 0.8392799999999998 -0.42296000000000006
-0.13508 0.6604400000000001 0.4352
-0.20592 0.16875999999999997 0.89292
-0.18471999999999997 0.29048 -0.10652000000000003
-0.26244 0.35036 -0.8941999999999999
-0.28632 -0.09260000000000002 -0.88764
-0.20164 -0.25335999999999986 -0.9017200000000003
-0.24712 0.21960000000000002 -0.9294000000000001
0.018359999999999994 0.24015999999999996 -0.9609999999999999
-0.14636000000000002 0.375 -0.90012
-0.31604000000000004 -0.42544 -0.8481599999999997
-0.21195999999999998 -0.4664400000000001 -0.8639199999999999
0.028919999999999998 -0.036799999999999965 -0.9671599999999999
-0.28644 0.5522800000000001 -0.7382399999999998
-0.46312000000000003 -0.05884 -0.8869600000000001
-0.16224 0.19524 0.3643600000000001
-0.15291999999999997 -0.13288000000000003 0.9185200000000002
-0.05047999999999999 0.53952 0.6958000000000001
-0.00272 0.9066800000000002 0.2896400000000001
-0.06844 0.97 -0.13851999999999998
-0.08044000000000003 0.6676800000000002 0.47912
0.12336 -0.14263999999999996 0.9138399999999999
-0.08428000000000001 0.29524 0.8880000000000001
-0.2762 -0.21036000000000002 0.85456
0.11107999999999998 -0.39588000000000007 0.82992
0.42147999999999997 -0.3967600000000001 0.75512
-0.043640000000000005 0.17408000000000004 -0.037759999999999974
-0.10144000000000002 0.48544000000000004 -0.4323199999999999
-0.36032000000000003 0.65736 0.4976
-0.15311999999999995 0.7213600000000001 0.5782799999999998
0.03644000000000001 0.75324 0.58816
0.64776 0.24616 0.66364
0.04428 0.6407599999999998 0.6808000000000001
-0.08304 0.57504 0.77376
0.011239999999999998 0.47172000000000003 0.83516
0.5197999999999999 0.3912 0.6802400000000002
0.00228 0.4967599999999999 0.6747200000000001
0.11263999999999992 0.46947999999999995 0.7484400000000001
-0.37379999999999997 0.15388 0.8068000000000001
-0.4168 -0.08432 0.8632399999999998
-0.28572000000000003 -0.06488 0.8938799999999999
-0.22260000000000002 0.39124000000000003 0.8190000000000001
-0.25648000000000004 -0.20648 0.81292
0.14944 -0.18188000000000001 0.86524
0.0037199999999999846 0.52596 0.7800800000000001
-0.21683999999999998 0.34008000000000005 0.8359199999999999
-0.31692 -0.3232 0.8311600000000001
0.09512000000000001 -0.47580000000000006 0.82156
-0.061639999999999986 0.15320000000000003 -0.2767199999999999
-0.06312000000000002 0.6814 -0.6602
-0.15883999999999998 0.83012 -0.5182800000000001
-0.25555999999999995 0.8872800000000001 -0.37624
0.021000000000000005 -0.15404000000000007 0.93188
-0.14387999999999998 0.021199999999999997 -0.39004
-0.13920000000000005 0.01744 -0.9926400000000001
-0.15152000000000004 0.03708000000000001 -0.9849600000000001
-0.15388000000000004 0.029600000000000008 -0.9868400000000002
-0.11796 0.12172000000000001 -1.0216
-0.23236 -0.2982 -0.9375200000000002
-0.22792 -0.29756 -0.9325600000000002
-0.22544 -0.29975999999999997 -0.9303600000000002
-0.228 -0.29756 -0.9392799999999997
-0.22703999999999996 -0.29700000000000004 -0.9347200000000001
-0.20579999999999998 -0.28696000000000005 -0.92352
-0.064 0.0031200000000000056 0.41003999999999996
0.0038000000000000013 -0.12380000000000001 0.9556
0.042120000000000005 0.12124 0.57824
0.03512000000000001 0.06988000000000003 -1.0509200000000003
0.027720000000000012 0.07988000000000002 -0.9955200000000001
0.027680000000000003 0.07896000000000003 -0.9966800000000003
0.007679999999999999 0.16843999999999998 -0.05760000000000009
0.00228 -0.13796000000000003 0.93944
-0.024320000000000005 0.7075999999999999 0.30356
-0.07832 0.90484 -0.2792799999999999
0.04620000000000001 0.97 0.12328
0.039000000000000014 0.9746800000000002 0.062360000000000006
0.03868000000000002 0.9803200000000001 0.06848000000000001
0.04060000000000001 0.9815599999999999 0.06388000000000002
0.042440000000000005 0.9791200000000002 0.07656000000000002
0.04348000000000002 0.9630799999999998 0.13695999999999997
0.04528000000000001 0.94696 0.21820000000000003
0.035320000000000004 0.9537200000000001 0.16259999999999997
0.04220000000000001 0.9690000000000001 0.11420000000000002
0.042240000000000014 0.9673199999999998 0.132
0.03968000000000001 0.8480000000000001 -0.11199999999999999
-0.00056 0.24247999999999997 -0.9733199999999997
0.00384 0.26367999999999997 -0.9644399999999999
-0.008119999999999999 0.25048 -0.9691200000000001
-0.0202 0.24128 -0.97152
-0.052399999999999995 0.46856000000000003 -0.7934
0.012519999999999998 0.8331199999999999 0.24175999999999997
-0.07240000000000002 0.050199999999999995 0.8883599999999998
-0.02975999999999999 -0.29923999999999995 0.8392799999999998
-0.11736 -0.72944 0.5422399999999999
-0.18632 0.22148000000000004 -0.8957599999999998
-0.35284000000000004 -0.027839999999999997 -0.92172
-0.23548000000000013 -0.29979999999999996 -0.93076
-0.16032000000000005 0.47172 -0.8306
0.041800000000000004 0.09699999999999998 0.9468799999999998
-0.0854 0.14824 -0.04552
