0.13760000000000003 -0.11288000000000001 -0.9190800000000001
0.13448000000000004 -0.11252000000000001 -0.9227600000000002
0.13444000000000003 -0.11475999999999999 -0.9181600000000004
0.13176000000000004 -0.11347999999999998 -0.9142000000000001
0.13116000000000003 -0.11443999999999999 -0.9148000000000005
0.13140000000000002 -0.11415999999999998 -0.9207600000000004
0.12928000000000003 -0.117 -0.9200400000000003
0.13360000000000002 -0.11924 -0.9142000000000003
0.13224000000000002 -0.11848 -0.91856
-0.29416 -0.17215999999999998 0.41552
-0.08392000000000001 -0.12224000000000002 0.9819200000000001
-0.08204 -0.14504 0.9767600000000001
-0.08384000000000003 -0.12012 0.9803200000000001
-0.051480000000000005 -0.04056000000000001 0.97344
0.07544000000000001 -0.07151999999999997 0.98516
0.21007999999999996 0.5316399999999999 0.6695200000000001
0.29544 0.58244 0.009040000000000022
0.15472000000000002 -1.0022000000000002 -0.030919999999999996
0.12824000000000002 -0.9579199999999999 -0.2761199999999999
0.11004 -0.81 -0.5500800000000001
0.11252000000000001 -0.6405200000000002 -0.7220399999999999
0.12236000000000001 -0.49175999999999986 -0.8108799999999999
0.13080000000000003 -0.3965599999999999 -0.85772
0.13244 -0.3648 -0.8671999999999999
0.13076000000000002 -0.35884 -0.8711999999999999
-0.03156000000000001 -0.35508 -0.8377999999999998
-0.15571999999999991 -0.12980000000000003 -0.8593199999999999
0.34128000000000003 -0.4808 -0.48603999999999997
0.7569199999999998 -0.56936 0.17496000000000003
0.06047999999999999 0.37588 0.11719999999999996
-0.08055999999999999 0.07143999999999993 -0.91008
-0.05172000000000001 0.051480000000000005 -0.8707999999999998
-0.010559999999999998 0.15032 -0.8858799999999999
0.04008 -0.07956000000000002 -0.91892
0.278 0.12972 -0.8688400000000001
0.13888 0.62528 -0.69552
-0.25395999999999996 0.4991199999999999 -0.6920000000000001
-0.50828 0.2686399999999999 -0.672
-0.3657600000000001 -0.21275999999999992 -0.78868
0.22247999999999998 -0.12912 -0.8804
0.5624800000000001 0.18916000000000005 -0.73732
0.30143999999999993 0.34196 -0.7787200000000002
-0.10700000000000001 0.24636000000000005 -0.8555200000000001
-0.4417999999999999 0.03408000000000001 -0.7940399999999999
-0.4873599999999999 -0.16184 -0.7435200000000001
-0.17623999999999998 -0.34659999999999996 -0.8361600000000001
0.21244000000000005 -0.2917199999999999 -0.8731599999999999
0.50236 -0.18471999999999997 -0.7952400000000001
0.7531600000000002 -0.03312 -0.61812
0.82304 0.18572 -0.47316
0.7981199999999998 0.43079999999999996 -0.31980000000000003
0.5841200000000001 0.7126 -0.14356
0.10044000000000003 0.8960800000000002 -0.03919999999999999
-0.23003999999999997 0.8696400000000003 0.05536000000000001
-0.45208000000000004 0.7553199999999998 0.033
-0.6342800000000001 0.2652399999999999 -0.54388
-0.6276800000000001 0.17284 -0.61652
-0.33071999999999996 -0.20564 -0.55048
0.13008 -0.84864 0.4835999999999999
-0.008479999999999998 -1.00672 -0.03404
-0.015560000000000003 -1.0080399999999998 -0.06016000000000002
-0.03060000000000001 -1.0036 -0.06832000000000002
0.009360000000000004 -1.00616 -0.04176000000000001
0.10575999999999999 -1.0064 0.08052000000000004
0.17636 -1.0036 0.10271999999999996
0.19440000000000002 -1.0014 0.05024
-0.045279999999999994 -0.9644000000000001 0.18779999999999997
-0.38592000000000004 -0.8840400000000003 -0.11576
-0.18503999999999998 -0.94128 0.059000000000000004
-0.08636 -1.00144 0.005400000000000003
0.05996000000000001 -0.9998400000000003 -0.09395999999999999
0.010559999999999996 -1.01204 -0.10488
0.09975999999999997 -0.9929600000000002 -0.09548000000000002
0.2902 -0.96468 -0.13796000000000003
0.14412000000000005 -0.9601199999999999 0.10640000000000001
0.032479999999999995 -0.50692 -0.40708
0.10224 -0.1432 -0.8874399999999999
0.15316000000000005 0.3397600000000001 -0.8181199999999998
0.054359999999999964 -0.21439999999999998 -0.044719999999999906
-0.1042 -0.15920000000000004 0.86836
-0.07075999999999999 0.34264000000000006 0.88168
-0.13823999999999997 0.3223600000000001 0.8836400000000002
-0.15532 -0.34884 0.8922800000000001
-0.40976 -0.56008 0.6899600000000001
-0.57916 -0.54968 0.54888
-0.68572 -0.3423599999999999 0.55976
-0.6792400000000001 0.055160000000000015 0.61068
-0.16884000000000005 0.045480000000000034 0.8688400000000002
0.18464 -0.26076 0.9734799999999999
0.25675999999999993 -0.25711999999999996 0.95092
0.17724 -0.04816 0.9880800000000001
-0.05244000000000001 0.03700000000000002 0.9868000000000001
-0.05635999999999997 -0.19788000000000003 0.9772799999999997
-0.014880000000000003 -0.37192000000000003 0.9397200000000002
-0.11291999999999998 -0.8523600000000002 0.4455199999999999
0.16007999999999994 -0.8905199999999998 0.4797999999999999
0.18131999999999998 -0.8446400000000002 0.54264
-0.007160000000000004 0.12883999999999995 0.2714000000000002
0.09896 0.92668 -0.004599999999999997
0.062400000000000004 0.8602000000000001 -0.28796
-0.06488000000000001 0.6641599999999999 -0.6018799999999999
-0.21308000000000005 0.7556799999999998 -0.40435999999999994
0.009759999999999996 0.69672 -0.5450400000000001
0.14068 0.8074800000000001 -0.36779999999999996
0.18879999999999997 0.8681999999999997 -0.22364000000000003
0.14908000000000002 0.8829599999999997 -0.19491999999999998
0.16032 0.8951200000000001 -0.15191999999999997
0.20123999999999995 0.8741999999999999 0.03192000000000002
0.09576000000000001 0.7812799999999999 0.5022800000000001
0.08960000000000001 0.7272799999999999 0.10264
-0.6455200000000001 0.45432 -0.23208
-0.44611999999999996 0.29100000000000004 -0.64924
0.06308000000000001 0.30236 -0.8201999999999999
0.26020000000000004 0.44183999999999996 -0.7166799999999999
0.34912000000000004 0.6489999999999999 -0.5338
0.27124 0.45488 -0.50164
0.12331999999999999 0.7687599999999999 -0.3454
-0.05800000000000002 0.8770799999999999 -0.19536000000000006
-0.040840000000000015 0.8835200000000002 -0.185
0.13476000000000002 0.922 -0.04304
0.2096 0.8976799999999998 -0.00968
0.2942 0.8828 0.015320000000000002
0.16444000000000003 0.89792 0.17
0.01008 0.8800799999999999 0.27172
0.06348 0.6655599999999999 0.5176
0.07120000000000007 -0.12075999999999999 0.9758799999999997
-0.08020000000000004 -0.46864000000000006 0.88228
-0.11327999999999998 -0.3123599999999999 0.9393600000000001
0.039639999999999995 0.05296 0.9840000000000002
0.25720000000000004 0.12291999999999997 0.9562799999999997
0.51016 -0.011479999999999997 0.8801199999999999
0.23124 0.7357199999999999 0.57748
0.33355999999999997 0.83244 0.5799599999999999
-0.30324 0.20092000000000002 0.7918799999999999
-0.10855999999999996 0.28704 0.9098
0.29667999999999994 -0.47384 0.5828000000000001
0.395 -0.89016 0.44864
0.42864 -0.7276400000000001 -0.13760000000000003
0.15035999999999997 -0.57036 -0.6901600000000001
0.06360000000000003 -0.5288799999999998 -0.7878799999999999
0.06423999999999999 -0.5242399999999999 -0.7856800000000002
0.06572000000000003 -0.52688 -0.7925200000000001
0.06724000000000002 -0.52484 -0.7887200000000001
0.06504000000000001 -0.5223599999999999 -0.7934
0.06612 -0.52516 -0.7860000000000003
0.07064000000000002 -0.5183599999999999 -0.7925599999999998
0.07008000000000003 -0.5199199999999999 -0.7918800000000001
0.06908000000000003 -0.5157599999999999 -0.79344
0.07296000000000002 -0.5183599999999999 -0.7934
0.07200000000000002 -0.5174399999999999 -0.79868
0.07224000000000003 -0.51424 -0.7962400000000003
0.07256000000000003 -0.51428 -0.7922800000000001
0.07080000000000003 -0.5111199999999999 -0.79348
0.06856000000000001 -0.51052 -0.79664
0.07108000000000002 -0.5124 -0.79596
0.07256000000000004 -0.5110800000000001 -0.7956400000000001
0.07104000000000002 -0.5148800000000001 -0.7984000000000002
0.17503999999999997 -0.47604000000000013 -0.8198799999999999
0.17875999999999997 -0.38780000000000003 -0.82776
-0.5401199999999999 0.29480000000000006 0.09516
0.07900000000000003 -0.36479999999999996 -0.63724
0.18943999999999994 -0.35544000000000003 -0.81624
0.19247999999999993 -0.22087999999999997 -0.8355999999999999
0.10736000000000001 -0.82272 -0.405
0.18387999999999993 -0.2732799999999999 -0.8795599999999998
0.18623999999999996 -0.25067999999999996 -0.8857199999999997
0.18176000000000003 -0.24452 -0.8881199999999998
0.18239999999999998 -0.24292000000000002 -0.88292
0.1824799999999999 -0.2432 -0.8916399999999999
0.17864000000000002 -0.23815999999999998 -0.8869199999999999
0.18156 -0.23687999999999998 -0.8922799999999999
0.18272000000000002 -0.23368 -0.8904799999999997
0.11911999999999995 -0.31207999999999997 -0.8342400000000001
0.06576 -0.9110799999999999 0.2688399999999999
0.10488 -0.7842399999999999 0.5416399999999999
-0.09544000000000001 -0.4346 0.9046000000000001
-0.06276 0.02463999999999996 0.81836
-0.05143999999999999 0.82424 0.4171199999999999
0.023440000000000003 0.9129200000000001 -0.10736000000000001
0.024599999999999986 0.9191199999999999 0.0028400000000000014
0.0942 0.88268 0.19471999999999998
0.43967999999999996 0.9588400000000001 0.7329199999999999
0.29416000000000003 0.8654799999999999 0.22935999999999995
0.31443999999999994 0.8442399999999999 0.25279999999999997
0.15504 0.8724 0.28423999999999994
0.13756000000000004 0.8785599999999999 0.27643999999999996
0.13576 0.8736000000000003 0.30268000000000006
0.16032 0.86056 0.08396
0.12204000000000001 0.90952 -0.10672000000000001
-0.10144 0.8736800000000002 -0.05492000000000001
-0.25332 0.8520799999999998 0.17595999999999998
-0.03996 0.2617599999999999 0.36251999999999995
0.026840000000000006 -0.9742800000000001 0.28331999999999996
0.11176 -0.38748000000000005 0.87168
-0.087 -0.22596 0.8907599999999999
-0.27607999999999994 -0.8161999999999999 0.007800000000000029
-0.07691999999999999 -0.004319999999999999 -0.84108
0.04220000000000001 0.61524 -0.6484000000000001
0.46964 0.3152 -0.6630399999999999
0.4919599999999999 -0.21748 -0.7336400000000002
-0.008040000000000002 -0.9208 -0.3816800000000001
-0.09696000000000002 -0.8292 -0.37032
-0.47924 -0.64016 -0.46515999999999996
-0.6389600000000001 -0.2658400000000001 -0.42808000000000007
-0.5328800000000001 0.61556 0.08796
-0.1214 0.7752800000000002 0.43151999999999996
-0.008119999999999999 0.11388000000000006 0.7687999999999998
-0.21152000000000004 -0.0762 0.6791200000000001
-0.40787999999999996 -0.09276000000000006 -0.5247999999999999
-0.7153600000000001 -0.56516 0.12944000000000003
-0.8969999999999999 -0.011880000000000002 0.03799999999999999
-0.8823200000000001 0.17563999999999996 0.12947999999999998
