-0.11335999999999999 -0.013159999999999982 1.10148
-0.044000000000000004 0.010920000000000001 1.0532400000000002
0.02052 0.02396 1.0710400000000002
0.026240000000000006 -0.046400000000000004 1.063
0.07584 -0.07180000000000002 1.0639199999999998
0.23335999999999996 -0.03771999999999999 0.9986799999999999
0.10171999999999995 0.5585199999999999 0.8811199999999999
-0.02568 0.39908 0.98328
-0.13156 0.2176799999999999 1.0479999999999998
-0.10276000000000002 -0.21088000000000004 1.0438
0.08732 -0.42288000000000003 0.9793200000000002
-0.0053599999999999984 -0.09111999999999998 1.0486000000000002
0.02428000000000001 -0.06980000000000003 1.06364
0.026320000000000007 -0.07292000000000003 1.0707599999999997
0.026360000000000005 -0.07108000000000003 1.06496
0.02856000000000001 -0.07548000000000002 1.06772
0.02584000000000001 -0.06844000000000003 1.0739199999999998
0.023000000000000007 -0.06968000000000003 1.06616
0.02576000000000001 -0.07416000000000003 1.06644
0.02640000000000001 -0.07132000000000001 1.06896
0.028320000000000015 -0.06908000000000002 1.0722399999999999
0.02664000000000001 -0.07064000000000004 1.06704
0.022680000000000006 -0.07008000000000003 1.0656799999999997
0.024920000000000008 -0.07288000000000001 1.0677599999999998
0.023920000000000004 -0.06956000000000002 1.0667999999999997
0.031160000000000014 -0.07100000000000002 1.06652
0.02584000000000001 -0.06888000000000001 1.06772
0.024800000000000003 -0.07068000000000003 1.0705200000000001
0.02760000000000001 -0.07132000000000004 1.06768
0.02636000000000001 -0.07168000000000001 1.0732799999999998
0.15888 0.19343999999999997 1.0086000000000004
0.12800000000000003 -0.10199999999999998 -0.017200000000000038
0.019119999999999998 -0.5329200000000001 -0.6726800000000001
-0.18380000000000002 -0.8505999999999999 -0.41772000000000004
-0.42423999999999995 -0.5646800000000001 -0.5861999999999999
-0.26956 -0.37023999999999996 -0.7637199999999998
0.21216000000000002 0.060799999999999986 0.8689199999999999
0.12483999999999998 0.07043999999999999 0.65856
0.020239999999999987 -0.11667999999999999 -0.13975999999999988
0.08344000000000001 -0.013960000000000005 0.45640000000000003
-0.14084 -0.025240000000000005 -0.8407600000000001
0.005080000000000016 -0.36096000000000006 -0.6322399999999999
0.4957599999999999 -0.80564 0.23116
0.49760000000000004 -0.7195999999999998 0.54112
0.41176 -0.07923999999999998 0.9179200000000002
0.08364 0.5881200000000001 0.85456
-0.27171999999999996 0.6716799999999999 0.7779600000000001
-0.5329999999999999 0.64452 0.6711600000000001
0.6489199999999999 -0.02287999999999999 0.17464
0.66832 -0.5066799999999999 -0.31552
0.47988 -0.7053999999999999 -0.33936000000000005
0.3815999999999999 -0.8813599999999999 -0.06583999999999998
0.4149999999999999 -0.8371200000000002 0.4018
0.4720799999999999 -0.6792 0.5464
0.5759600000000001 -0.0021999999999999975 0.70348
0.14916 -0.9672800000000001 -0.01223999999999999
0.05483999999999999 -0.20387999999999995 -0.61552
-0.5157599999999999 0.0758 -0.74816
-0.6294 0.13219999999999998 -0.69012
-0.26716 -0.22528000000000004 -0.7592
-0.12724 -0.80372 -0.44551999999999997
-0.062320000000000014 -1.0026399999999998 -0.026159999999999996
0.25532 -0.9328000000000003 -0.08864
0.22832 -0.95572 0.18152000000000001
0.15444000000000005 -0.63496 0.81432
-0.003040000000000005 -0.60528 0.8849199999999999
-0.01148 -0.33692000000000005 1.0130000000000001
0.05688000000000001 0.2658 1.00432
0.28916 -0.7703199999999998 -0.09356
0.16628 -0.9567999999999999 -0.043400000000000015
-0.04496000000000001 -0.97332 0.28656
-0.31323999999999996 -0.708 -0.25248000000000004
0.017119999999999996 -0.6311599999999999 0.12824000000000005
0.09292 -0.72988 0.7634799999999998
0.028360000000000003 -0.8976400000000001 0.54072
-0.0043999999999999985 -0.9363600000000001 0.48728
-0.026560000000000007 -0.5886399999999999 0.8797999999999999
-0.03240000000000001 -0.6445600000000001 -0.04348000000000008
-0.06580000000000003 -0.7582000000000001 -0.5170399999999998
0.14204 -0.6920000000000001 0.7337999999999998
0.25712 -0.5691200000000001 0.8468000000000001
-0.009359999999999993 -0.82992 0.6701200000000002
0.15976 -0.4947600000000001 0.9118800000000004
-0.021640000000000003 -0.3266799999999999 1.0267199999999999
0.40559999999999996 -0.24184000000000005 0.90392
0.5868800000000001 -0.16000000000000003 0.82684
0.5323599999999999 -0.1554 0.8726000000000002
0.28772 -0.44808 0.6334000000000001
0.13768 -0.6748400000000001 0.72572
0.30787999999999993 -0.6247199999999999 0.62872
-0.04064 -0.7889999999999998 -0.36219999999999997
0.29368 -0.79364 0.43243999999999994
-0.12431999999999999 -0.9163999999999999 -0.10388000000000001
0.47444000000000003 -0.3918800000000001 0.67392
0.47924 -0.15268 0.90884
0.44592 -0.5666 0.7407999999999998
0.2568 -0.8339599999999998 0.5366399999999999
-0.02396 -0.76964 0.6670400000000001
-0.07088000000000001 -0.12488000000000002 0.45796
-0.20752000000000004 -0.4184799999999999 -0.73704
0.05064000000000001 -0.8071200000000002 -0.46580000000000005
0.1638 -0.9147599999999998 -0.07180000000000004
0.32167999999999997 -0.5887199999999999 -0.26544000000000006
0.02743999999999997 -0.5825199999999999 -0.6490400000000003
-0.16852 0.18724000000000005 -0.5176000000000001
-0.21344000000000002 0.6792400000000001 -0.56652
-0.06932000000000002 -0.3026 -0.3446799999999999
0.23275999999999997 -0.9106800000000002 0.39688
0.2366 -0.7650800000000002 0.68628
0.20875999999999997 -0.7634400000000001 0.6788399999999999
