-0.7551599999999999 -0.6393200000000001 -0.05060000000000001
-0.7282399999999999 -0.70364 -0.05336000000000001
0.0012799999999999934 -0.03896 0.8708400000000001
0.016320000000000015 0.33459999999999995 0.8105199999999998
-0.36012 0.43756 0.7426400000000001
-0.49764 0.25616000000000005 0.74396
-0.5398399999999999 -0.05495999999999999 0.7533999999999998
-0.54108 -0.25276 0.6274000000000001
-0.35795999999999994 -0.5291199999999998 1.0204
0.03248 -0.6826399999999998 0.66764
0.1254 -0.56976 0.7509999999999998
0.08112000000000003 -0.44300000000000006 0.8224800000000001
0.022200000000000008 -0.26936 0.8884799999999998
-0.09115999999999999 -0.018039999999999983 0.9204000000000003
-0.2666800000000001 -0.0077599999999999995 0.8782000000000002
-0.3325599999999999 -0.2546 0.82332
0.28076000000000007 -0.07424 0.8276800000000002
0.32511999999999985 0.11836 0.8443199999999997
0.16692000000000004 -0.09076000000000001 0.9060000000000001
0.15132 -0.25524 0.8872399999999998
0.051879999999999996 -0.5812 0.7425999999999999
0.24656 -0.10975999999999997 0.882
0.32295999999999997 0.2785599999999999 0.8109200000000001
0.12319999999999999 -0.10891999999999998 0.9045199999999999
0.2848399999999999 0.01615999999999993 0.736
0.29079999999999995 0.81376 0.39996000000000004
0.40992000000000006 0.6283599999999999 0.5406399999999999
0.50224 0.3086 0.71576
0.63084 -0.37123999999999996 0.5706399999999999
0.38244000000000006 -0.7088399999999999 0.5400799999999998
-0.13164 -0.5883999999999999 0.72148
-0.21772000000000002 -0.9220800000000001 0.23084000000000005
-0.09788000000000002 -0.9905600000000001 -0.13751999999999998
-0.02843999999999999 -1.0004799999999998 0.0588
0.12264000000000003 -0.9540400000000001 0.19596
0.22776 -0.8860399999999999 0.30860000000000004
0.23680000000000007 -0.9750000000000001 0.02379999999999999
0.35812 0.33543999999999996 0.21244000000000005
0.2682399999999999 0.9019599999999999 0.09364
0.05491999999999999 0.9552799999999998 -0.15040000000000003
-0.07928 0.9639599999999998 -0.06580000000000003
0.06032 0.9665599999999999 -0.046560000000000004
0.14688 0.95004 0.020599999999999997
0.25803999999999994 0.9268400000000002 -0.057559999999999986
0.13748000000000002 -0.18852000000000005 0.23683999999999997
-0.07359999999999998 -0.99928 -0.07092000000000002
-0.09703999999999999 -0.96536 0.13319999999999999
-0.28884000000000004 -0.9203199999999999 0.22075999999999993
0.08983999999999998 -0.60996 0.6234000000000001
0.18904000000000004 -0.9368799999999996 0.20591999999999996
0.24175999999999997 -0.8305600000000003 0.4219199999999999
-0.22119999999999998 0.06011999999999999 0.8602000000000001
-0.32831999999999995 -0.12108000000000001 0.8205199999999999
-0.3470799999999999 -0.67892 0.55136
-0.55 -0.70208 0.389
-0.5214 -0.7232399999999997 0.38815999999999995
-0.6424 -0.73136 0.10948000000000008
0.23328000000000004 -0.8570399999999998 0.0268
0.6722400000000001 -0.73288 -0.03276000000000001
0.9185199999999999 -0.24235999999999996 -0.00024000000000000022
0.7837999999999999 0.49511999999999995 0.15567999999999999
-0.34571999999999997 -0.42963999999999997 -0.22403999999999996
-0.17576 -0.926 -0.29076
-0.06735999999999999 -0.9986799999999999 -0.11360000000000003
0.04624 -0.99024 0.117
0.05992000000000001 -0.98832 0.15136000000000002
-0.10048000000000001 0.14879999999999996 -0.28459999999999996
0.14636 0.88764 -0.3569199999999999
0.38148000000000004 0.8314800000000001 -0.26367999999999997
0.206 0.9266 -0.004319999999999999
0.584 0.6831599999999999 0.06688000000000001
0.5421599999999998 -0.618 0.17192
0.15536 -0.8895600000000001 0.36099999999999993
0.21967999999999996 -0.92416 0.2831199999999999
0.38132 -0.82244 0.08831999999999997
0.8149599999999998 0.033679999999999995 -0.5794
0.7837599999999999 0.24919999999999998 -0.55692
0.26336000000000004 0.8514000000000002 0.046239999999999976
0.48791999999999985 0.4796 0.15575999999999998
0.49728000000000017 -0.6145599999999999 -0.42179999999999995
0.16316000000000003 -0.5098000000000001 -0.8711199999999998
0.22271999999999997 -0.13168 -0.92228
-0.14628 0.2370800000000001 -0.971
-0.33631999999999995 0.0012799999999999962 -0.95588
0.46427999999999997 0.037200000000000004 -0.8370400000000001
0.69544 0.3016399999999999 -0.65056
0.3618800000000001 0.57516 -0.73044
0.11296 0.5294399999999999 -0.83548
-0.08392 0.3949199999999999 -0.92256
0.38319999999999993 -0.31260000000000004 -0.8570800000000002
0.64936 -0.69412 -0.96184
0.3607599999999999 -0.2572 -0.932
0.26427999999999996 0.14919999999999997 -0.96492
-0.041159999999999995 0.36495999999999995 -0.9316000000000001
-0.22408 0.14132 -0.9617600000000001
-0.11032 -0.17807999999999996 -0.9939200000000001
0.2847999999999999 -0.44772000000000006 -0.8661599999999997
0.028160000000000015 -0.8564399999999999 -0.5648000000000001
-0.10788 -0.26712 -0.9683200000000002
-0.26124 0.24183999999999997 -0.92476
0.0006400000000000003 0.47951999999999984 -0.8892399999999999
-0.23688000000000003 0.40668 -0.8829199999999999
0.19376 -0.4358800000000001 -0.8935999999999998
0.31067999999999996 -0.17224000000000003 -0.9581200000000001
0.38843999999999995 0.18667999999999996 -0.8948400000000001
0.18984 0.3784400000000001 -0.8982800000000001
-0.00464 0.4692 -0.86204
-0.08888 0.06304 -0.9961199999999998
0.0268 -0.19436 -0.99932
